                           Logit Regression Results                           
==============================================================================
Dep. Variable:            has_disease   No. Observations:               298598
Model:                          Logit   Df Residuals:                   298416
Method:                           MLE   Df Model:                          181
Date:                Wed, 05 Jan 2022   Pseudo R-squ.:                0.004360
Time:                        18:27:35   Log-Likelihood:                -75648.
converged:                       True   LL-Null:                       -75979.
                                        LLR p-value:                 4.278e-56
==============================================================================
                 coef    std err          z      P>|z|      [0.025      0.975]
------------------------------------------------------------------------------
const         -2.9496      0.083    -35.395      0.000      -3.113      -2.786
DQB1*03:01     0.0219      0.033      0.660      0.509      -0.043       0.087
DQB1*02:01    -0.0320      0.044     -0.722      0.470      -0.119       0.055
C*04:01       -0.0003      0.038     -0.007      0.994      -0.074       0.073
DRB1*11:04     0.1278      0.040      3.207      0.001       0.050       0.206
DRB1*07:01     0.1537      0.049      3.126      0.002       0.057       0.250
A*01:01        0.0125      0.031      0.402      0.687      -0.048       0.073
C*12:03       -0.0223      0.042     -0.528      0.597      -0.105       0.060
DQB1*03:02     0.0388      0.046      0.837      0.403      -0.052       0.130
A*02:01        0.0340      0.031      1.096      0.273      -0.027       0.095
C*07:01        0.0463      0.039      1.192      0.233      -0.030       0.122
C*06:02        0.0542      0.045      1.205      0.228      -0.034       0.142
DQB1*05:01    -0.0607      0.065     -0.930      0.352      -0.189       0.067
A*24:02        0.0345      0.031      1.097      0.272      -0.027       0.096
B*38:01        0.1749      0.051      3.448      0.001       0.075       0.274
A*26:01        0.0160      0.034      0.468      0.640      -0.051       0.083
DRB1*04:02     0.1040      0.054      1.933      0.053      -0.001       0.209
DRB1*03:01     0.2592      0.051      5.044      0.000       0.159       0.360
C*08:02        0.2625      0.162      1.618      0.106      -0.056       0.581
B*14:02       -0.1062      0.164     -0.648      0.517      -0.428       0.215
DRB1*13:02     0.0143      0.089      0.160      0.873      -0.161       0.189
DRB1*01:02     0.0859      0.072      1.187      0.235      -0.056       0.228
A*03:02        0.0288      0.034      0.841      0.400      -0.038       0.096
B*18:01       -0.0325      0.047     -0.697      0.486      -0.124       0.059
B*35:08        0.0195      0.048      0.409      0.683      -0.074       0.113
C*12:02        0.0324      0.064      0.506      0.613      -0.093       0.158
A*11:01        0.0338      0.035      0.971      0.331      -0.034       0.102
B*52:01       -0.0227      0.074     -0.307      0.758      -0.167       0.122
B*44:03        0.1570      0.047      3.338      0.001       0.065       0.249
DRB1*11:01     0.1658      0.041      4.025      0.000       0.085       0.247
A*03:01        0.0789      0.036      2.208      0.027       0.009       0.149
C*17:01        0.0978      0.073      1.348      0.178      -0.044       0.240
B*35:02        0.0286      0.049      0.582      0.560      -0.068       0.125
DQB1*06:03     0.0050      0.052      0.098      0.922      -0.096       0.106
B*13:02        0.0189      0.056      0.337      0.736      -0.091       0.129
C*07:02        0.0054      0.050      0.108      0.914      -0.093       0.104
DQB1*06:04    -0.0136      0.091     -0.150      0.881      -0.191       0.164
DQB1*06:01    -0.0216      0.108     -0.200      0.842      -0.234       0.190
B*35:01        0.0349      0.049      0.715      0.474      -0.061       0.131
DRB1*15:02    -0.0285      0.113     -0.253      0.800      -0.249       0.192
DQB1*05:03     0.0015      0.096      0.015      0.988      -0.186       0.189
B*08:01        0.0659      0.054      1.225      0.221      -0.040       0.171
DRB1*04:03    -0.0345      0.056     -0.615      0.539      -0.145       0.075
A*32:01        0.0733      0.038      1.935      0.053      -0.001       0.147
B*51:01       -0.0154      0.058     -0.263      0.792      -0.130       0.099
DRB1*14:01    -0.1114      0.097     -1.146      0.252      -0.302       0.079
B*41:01        0.0233      0.073      0.319      0.750      -0.120       0.167
DRB1*15:01    -0.0383      0.090     -0.424      0.672      -0.215       0.139
A*23:01        0.0264      0.040      0.658      0.510      -0.052       0.105
C*02:02       -0.0621      0.059     -1.048      0.295      -0.178       0.054
DRB1*13:01    -0.0179      0.063     -0.282      0.778      -0.142       0.106
A*30:01        0.0947      0.041      2.286      0.022       0.013       0.176
DQB1*06:02     0.0194      0.092      0.210      0.834      -0.162       0.201
B*49:01        0.0817      0.054      1.524      0.128      -0.023       0.187
DRB1*10:01     0.1656      0.072      2.312      0.021       0.025       0.306
B*50:01        0.0315      0.059      0.537      0.591      -0.083       0.146
A*33:01        0.0159      0.042      0.376      0.707      -0.067       0.099
B*44:02        0.0577      0.058      0.988      0.323      -0.057       0.172
A*29:01        0.0936      0.042      2.244      0.025       0.012       0.175
B*07:02       -0.0151      0.060     -0.254      0.800      -0.132       0.102
A*68:02       -0.0063      0.042     -0.149      0.882      -0.089       0.076
B*57:01        0.0304      0.059      0.512      0.609      -0.086       0.147
A*02:02       -0.0891      0.049     -1.828      0.068      -0.185       0.006
A*02:05       -0.0596      0.044     -1.343      0.179      -0.147       0.027
C*15:02        0.1294      0.060      2.150      0.032       0.011       0.247
DQB1*05:02    -0.0456      0.099     -0.463      0.644      -0.239       0.148
DRB1*13:03     0.0994      0.051      1.940      0.052      -0.001       0.200
C*05:01        0.1377      0.052      2.671      0.008       0.037       0.239
C*15:05        0.0072      0.119      0.061      0.952      -0.225       0.240
A*30:02       -0.0400      0.048     -0.825      0.409      -0.135       0.055
B*15:17        0.0436      0.061      0.713      0.476      -0.076       0.164
B*55:01        0.1555      0.075      2.085      0.037       0.009       0.302
B*58:01        0.1581      0.061      2.585      0.010       0.038       0.278
C*01:02       -0.1232      0.068     -1.809      0.071      -0.257       0.010
DQB1*04:02     0.0804      0.080      1.002      0.316      -0.077       0.238
DRB1*12:01     0.0373      0.051      0.738      0.460      -0.062       0.136
C*16:04       -0.0085      0.056     -0.153      0.879      -0.118       0.101
DRB1*16:01     0.0450      0.105      0.430      0.667      -0.160       0.250
B*07:05       -0.0062      0.120     -0.052      0.959      -0.241       0.228
DRB1*13:05     0.0107      0.055      0.196      0.844      -0.096       0.118
B*41:02       -0.0345      0.085     -0.405      0.685      -0.201       0.132
A*68:01       -0.0529      0.051     -1.037      0.300      -0.153       0.047
B*53:01       -0.0335      0.063     -0.528      0.597      -0.158       0.091
C*03:04       -0.1168      0.078     -1.500      0.134      -0.270       0.036
DQB1*02:02    -0.1752      0.057     -3.056      0.002      -0.288      -0.063
DQB1*06:09    -0.0088      0.093     -0.095      0.924      -0.191       0.174
DRB1*04:04     0.0835      0.070      1.198      0.231      -0.053       0.220
DRB1*04:05     0.0976      0.064      1.514      0.130      -0.029       0.224
A*25:01        0.2140      0.049      4.334      0.000       0.117       0.311
C*03:03       -0.1057      0.068     -1.557      0.119      -0.239       0.027
DRB1*01:01     0.0398      0.079      0.500      0.617      -0.116       0.196
A*66:01        0.0758      0.053      1.424      0.154      -0.029       0.180
A*69:01        0.1022      0.058      1.755      0.079      -0.012       0.216
DQB1*03:03    -0.0602      0.062     -0.971      0.332      -0.182       0.061
B*40:01        0.1136      0.086      1.316      0.188      -0.056       0.283
DQB1*03:05     0.0467      0.063      0.741      0.458      -0.077       0.170
B*35:03        0.0796      0.063      1.260      0.208      -0.044       0.204
C*16:01       -0.0088      0.063     -0.141      0.888      -0.132       0.114
C*16:02        0.0110      0.090      0.122      0.903      -0.165       0.187
C*14:02        0.0258      0.078      0.331      0.741      -0.127       0.179
A*29:02        0.0380      0.059      0.641      0.521      -0.078       0.154
A*31:01        0.0868      0.057      1.528      0.127      -0.025       0.198
B*15:01        0.1139      0.070      1.630      0.103      -0.023       0.251
B*51:08       -0.2605      0.104     -2.505      0.012      -0.464      -0.057
C*03:02       -0.1087      0.082     -1.332      0.183      -0.269       0.051
B*27:02        0.2875      0.078      3.672      0.000       0.134       0.441
DRB1*04:01     0.1326      0.066      2.023      0.043       0.004       0.261
A*24:03       -0.0363      0.062     -0.588      0.557      -0.157       0.085
B*37:01       -0.1371      0.076     -1.807      0.071      -0.286       0.012
C*07:04       -0.0656      0.080     -0.820      0.412      -0.222       0.091
DRB1*08:01    -0.0011      0.104     -0.010      0.992      -0.204       0.202
A*02:17        0.0126      0.074      0.170      0.865      -0.133       0.158
A*01:03       -0.0033      0.088     -0.037      0.970      -0.176       0.169
B*15:03        0.1694      0.100      1.692      0.091      -0.027       0.366
B*27:05        0.1248      0.089      1.396      0.163      -0.050       0.300
B*40:02       -0.0457      0.086     -0.531      0.595      -0.214       0.123
A*33:03        0.1297      0.076      1.710      0.087      -0.019       0.278
A*31:08        0.0750      0.071      1.052      0.293      -0.065       0.215
A*30:04        0.1202      0.088      1.370      0.171      -0.052       0.292
DRB1*14:04    -0.3007      0.128     -2.347      0.019      -0.552      -0.050
B*39:01        0.1155      0.082      1.409      0.159      -0.045       0.276
DRB1*04:06    -0.3649      0.150     -2.435      0.015      -0.659      -0.071
DRB1*08:04    -0.0968      0.121     -0.799      0.424      -0.334       0.141
DQB1*03:04     0.1273      0.104      1.228      0.219      -0.076       0.330
DRB1*11:03     0.1360      0.086      1.589      0.112      -0.032       0.304
A*24:07       -0.1537      0.109     -1.405      0.160      -0.368       0.061
DRB1*09:01     0.1104      0.104      1.063      0.288      -0.093       0.314
A*24:17        0.1166      0.100      1.166      0.244      -0.079       0.313
B*50:02        0.1874      0.146      1.280      0.201      -0.100       0.474
B*45:01        0.0558      0.105      0.530      0.596      -0.151       0.262
B*56:01        0.0746      0.114      0.653      0.514      -0.149       0.298
C*15:04       -0.1529      0.108     -1.413      0.158      -0.365       0.059
DRB1*15:03    -0.4471      0.327     -1.365      0.172      -1.089       0.195
B*51:06        0.3410      0.108      3.149      0.002       0.129       0.553
B*44:05        0.1379      0.109      1.270      0.204      -0.075       0.351
A*24:04        0.1294      0.099      1.305      0.192      -0.065       0.324
DRB1*16:02     0.1434      0.140      1.023      0.306      -0.131       0.418
DRB1*01:03     0.1023      0.105      0.972      0.331      -0.104       0.309
C*04:07        0.2435      0.142      1.713      0.087      -0.035       0.522
B*73:01       -0.0684      0.169     -0.404      0.686      -0.401       0.264
B*39:06       -0.2079      0.132     -1.570      0.116      -0.468       0.052
B*48:01       -0.3658      0.426     -0.858      0.391      -1.201       0.470
DRB1*04:08     0.0418      0.133      0.315      0.753      -0.218       0.302
B*40:06        0.0460      0.135      0.341      0.733      -0.218       0.310
B*27:07        0.1572      0.112      1.403      0.161      -0.062       0.377
C*14:03       -0.0930      0.132     -0.702      0.483      -0.353       0.167
B*57:03        0.0831      0.127      0.652      0.514      -0.167       0.333
C*08:03        0.2951      0.447      0.660      0.510      -0.582       1.172
B*14:01       -0.4021      0.204     -1.972      0.049      -0.802      -0.002
B*57:02       -0.4167      0.633     -0.658      0.511      -1.658       0.825
C*18:01        0.4443      0.481      0.925      0.355      -0.497       1.386
B*47:01        0.0548      0.148      0.369      0.712      -0.236       0.345
DRB1*04:07     0.2362      0.125      1.888      0.059      -0.009       0.481
DRB1*12:02    -0.0661      0.175     -0.377      0.706      -0.409       0.277
A*02:06       -0.0347      0.171     -0.203      0.839      -0.370       0.301
DRB1*08:03    -0.0719      0.146     -0.493      0.622      -0.358       0.214
B*51:07       -0.0943      0.162     -0.582      0.560      -0.412       0.223
A*74:01        0.2889      0.218      1.326      0.185      -0.138       0.716
DRB1*11:02     0.1215      0.160      0.758      0.449      -0.193       0.436
A*34:02       -0.2382      0.190     -1.254      0.210      -0.610       0.134
C*08:01        0.2596      0.447      0.580      0.562      -0.617       1.136
C*02:10        0.1708      0.154      1.111      0.267      -0.131       0.472
B*42:01        0.2053      0.192      1.070      0.285      -0.171       0.581
DRB1*14:06     0.2710      0.177      1.535      0.125      -0.075       0.617
B*13:01        0.0327      0.274      0.119      0.905      -0.505       0.570
DQB1*04:01     0.0534      0.251      0.213      0.832      -0.439       0.546
B*15:16       -0.2201      0.193     -1.143      0.253      -0.598       0.157
B*15:10       -0.1779      0.260     -0.685      0.494      -0.687       0.331
B*39:10        0.1194      0.267      0.447      0.655      -0.404       0.643
A*02:03       -1.2428      0.417     -2.978      0.003      -2.061      -0.425
A*80:01        0.1513      0.185      0.819      0.413      -0.211       0.513
B*37:02        0.3397      0.212      1.605      0.109      -0.075       0.755
C*04:03        0.2492      0.337      0.739      0.460      -0.411       0.910
B*38:02        0.7881      0.293      2.686      0.007       0.213       1.363
B*15:18        0.5876      0.198      2.964      0.003       0.199       0.976
A*74:03        0.1472      0.738      0.199      0.842      -1.300       1.594
B*15:24       -0.4001      0.304     -1.315      0.189      -0.997       0.196
B*27:12       -0.0160      0.275     -0.058      0.953      -0.555       0.523
DRB1*08:02     0.3889      0.253      1.537      0.124      -0.107       0.885
B*15:29       -0.1409      0.339     -0.416      0.678      -0.805       0.523
B*48:04       -0.1944      0.584     -0.333      0.739      -1.339       0.950
B*15:02       -0.1744      0.578     -0.302      0.763      -1.308       0.959
==============================================================================