                           Logit Regression Results                           
==============================================================================
Dep. Variable:            has_disease   No. Observations:               623723
Model:                          Logit   Df Residuals:                   623541
Method:                           MLE   Df Model:                          181
Date:                Wed, 05 Jan 2022   Pseudo R-squ.:                0.003703
Time:                        18:26:25   Log-Likelihood:            -1.6355e+05
converged:                       True   LL-Null:                   -1.6416e+05
                                        LLR p-value:                1.066e-152
==============================================================================
                 coef    std err          z      P>|z|      [0.025      0.975]
------------------------------------------------------------------------------
const         -2.7987      0.056    -50.079      0.000      -2.908      -2.689
DQB1*03:01     0.0453      0.022      2.040      0.041       0.002       0.089
DQB1*02:01    -0.0210      0.028     -0.761      0.446      -0.075       0.033
C*04:01        0.0266      0.025      1.057      0.290      -0.023       0.076
DRB1*11:04     0.1289      0.027      4.830      0.000       0.077       0.181
DRB1*07:01     0.1332      0.031      4.273      0.000       0.072       0.194
A*01:01        0.0128      0.021      0.616      0.538      -0.028       0.053
C*12:03        0.0025      0.028      0.088      0.930      -0.053       0.058
DQB1*03:02    -0.0136      0.029     -0.470      0.638      -0.070       0.043
A*02:01       -0.0102      0.021     -0.485      0.628      -0.051       0.031
C*07:01        0.0232      0.025      0.914      0.361      -0.027       0.073
C*06:02        0.0445      0.029      1.528      0.126      -0.013       0.102
DQB1*05:01    -0.0137      0.041     -0.335      0.737      -0.094       0.067
A*24:02        0.0177      0.021      0.838      0.402      -0.024       0.059
B*38:01        0.0868      0.034      2.548      0.011       0.020       0.154
A*26:01       -0.0105      0.023     -0.448      0.654      -0.056       0.035
DRB1*04:02     0.1505      0.034      4.372      0.000       0.083       0.218
DRB1*03:01     0.2205      0.032      6.840      0.000       0.157       0.284
C*08:02        0.1330      0.107      1.238      0.216      -0.078       0.343
B*14:02       -0.0362      0.108     -0.335      0.737      -0.248       0.176
DRB1*13:02    -0.0523      0.053     -0.992      0.321      -0.156       0.051
DRB1*01:02     0.0202      0.046      0.442      0.659      -0.069       0.110
A*03:02        0.0246      0.023      1.070      0.285      -0.020       0.070
B*18:01       -0.0806      0.031     -2.605      0.009      -0.141      -0.020
B*35:08       -0.0575      0.032     -1.821      0.069      -0.119       0.004
C*12:02        0.0653      0.046      1.428      0.153      -0.024       0.155
A*11:01        0.0443      0.023      1.899      0.058      -0.001       0.090
B*52:01       -0.0541      0.051     -1.057      0.291      -0.154       0.046
B*44:03        0.1151      0.031      3.750      0.000       0.055       0.175
DRB1*11:01     0.1442      0.028      5.192      0.000       0.090       0.199
A*03:01        0.0340      0.024      1.424      0.154      -0.013       0.081
C*17:01        0.0558      0.048      1.157      0.247      -0.039       0.150
B*35:02       -0.0466      0.033     -1.403      0.160      -0.112       0.018
DQB1*06:03     0.0056      0.037      0.152      0.880      -0.067       0.078
B*13:02        0.0345      0.036      0.962      0.336      -0.036       0.105
C*07:02       -0.0086      0.032     -0.266      0.790      -0.072       0.055
DQB1*06:04     0.0638      0.053      1.195      0.232      -0.041       0.168
DQB1*06:01    -0.0344      0.062     -0.551      0.582      -0.157       0.088
B*35:01       -0.0650      0.033     -1.994      0.046      -0.129      -0.001
DRB1*15:02    -0.0370      0.065     -0.568      0.570      -0.165       0.091
DQB1*05:03     0.0496      0.059      0.843      0.399      -0.066       0.165
B*08:01        0.0444      0.035      1.265      0.206      -0.024       0.113
DRB1*04:03    -0.0125      0.035     -0.356      0.722      -0.082       0.057
A*32:01        0.0647      0.025      2.582      0.010       0.016       0.114
B*51:01       -0.0653      0.038     -1.739      0.082      -0.139       0.008
DRB1*14:01    -0.0949      0.060     -1.575      0.115      -0.213       0.023
B*41:01        0.0262      0.049      0.535      0.593      -0.070       0.122
DRB1*15:01    -0.0031      0.057     -0.055      0.956      -0.114       0.108
A*23:01        0.0412      0.026      1.568      0.117      -0.010       0.093
C*02:02        0.0191      0.037      0.519      0.604      -0.053       0.091
DRB1*13:01    -0.0191      0.044     -0.430      0.667      -0.106       0.068
A*30:01        0.0813      0.027      3.004      0.003       0.028       0.134
DQB1*06:02     0.0273      0.057      0.476      0.634      -0.085       0.140
B*49:01        0.0517      0.034      1.525      0.127      -0.015       0.118
DRB1*10:01     0.1770      0.045      3.897      0.000       0.088       0.266
B*50:01       -0.0136      0.038     -0.355      0.722      -0.088       0.061
A*33:01        0.0156      0.029      0.547      0.584      -0.040       0.072
B*44:02        0.0399      0.039      1.034      0.301      -0.036       0.115
A*29:01        0.0731      0.029      2.555      0.011       0.017       0.129
B*07:02       -0.0412      0.039     -1.054      0.292      -0.118       0.035
A*68:02       -0.0527      0.028     -1.859      0.063      -0.108       0.003
B*57:01        0.0176      0.039      0.449      0.654      -0.059       0.095
A*02:02       -0.0708      0.030     -2.399      0.016      -0.129      -0.013
A*02:05       -0.0647      0.030     -2.121      0.034      -0.124      -0.005
C*15:02        0.1401      0.038      3.659      0.000       0.065       0.215
DQB1*05:02    -0.0087      0.064     -0.135      0.892      -0.134       0.117
DRB1*13:03     0.0327      0.034      0.969      0.332      -0.033       0.099
C*05:01        0.1145      0.036      3.205      0.001       0.044       0.185
C*15:05        0.0762      0.074      1.035      0.301      -0.068       0.220
A*30:02       -0.0294      0.031     -0.937      0.349      -0.091       0.032
B*15:17        0.0618      0.038      1.628      0.104      -0.013       0.136
B*55:01        0.0186      0.048      0.385      0.700      -0.076       0.113
B*58:01        0.1861      0.041      4.512      0.000       0.105       0.267
C*01:02        0.0227      0.045      0.503      0.615      -0.066       0.111
DQB1*04:02     0.0673      0.051      1.308      0.191      -0.034       0.168
DRB1*12:01     0.0766      0.034      2.222      0.026       0.009       0.144
C*16:04        0.0123      0.037      0.337      0.736      -0.059       0.084
DRB1*16:01     0.0014      0.068      0.021      0.983      -0.131       0.134
B*07:05       -0.0651      0.074     -0.876      0.381      -0.211       0.081
DRB1*13:05    -0.0124      0.038     -0.328      0.743      -0.086       0.061
B*41:02        0.0077      0.057      0.136      0.892      -0.104       0.119
A*68:01       -0.1065      0.034     -3.163      0.002      -0.172      -0.041
B*53:01       -0.0205      0.039     -0.531      0.595      -0.096       0.055
C*03:04       -0.0979      0.050     -1.946      0.052      -0.196       0.001
DQB1*02:02    -0.1988      0.040     -5.015      0.000      -0.276      -0.121
DQB1*06:09     0.0430      0.057      0.750      0.453      -0.069       0.155
DRB1*04:04     0.1148      0.044      2.599      0.009       0.028       0.201
DRB1*04:05     0.1704      0.039      4.345      0.000       0.094       0.247
A*25:01        0.1332      0.035      3.779      0.000       0.064       0.202
C*03:03        0.0011      0.045      0.024      0.981      -0.086       0.088
DRB1*01:01     0.0412      0.052      0.797      0.426      -0.060       0.143
A*66:01        0.0165      0.037      0.444      0.657      -0.056       0.089
A*69:01        0.0462      0.040      1.165      0.244      -0.032       0.124
DQB1*03:03    -0.0640      0.043     -1.487      0.137      -0.148       0.020
B*40:01        0.0638      0.055      1.156      0.248      -0.044       0.172
DQB1*03:05    -0.0052      0.042     -0.123      0.902      -0.088       0.078
B*35:03       -0.0311      0.043     -0.730      0.465      -0.115       0.052
C*16:01        0.0367      0.041      0.888      0.375      -0.044       0.118
C*16:02        0.0348      0.056      0.624      0.533      -0.075       0.144
C*14:02        0.0786      0.049      1.592      0.111      -0.018       0.175
A*29:02        0.0043      0.040      0.107      0.915      -0.074       0.083
A*31:01        0.1056      0.039      2.730      0.006       0.030       0.181
B*15:01        0.0106      0.047      0.227      0.820      -0.081       0.102
B*51:08       -0.1861      0.062     -3.015      0.003      -0.307      -0.065
C*03:02       -0.0073      0.051     -0.144      0.885      -0.107       0.092
B*27:02        0.1694      0.052      3.261      0.001       0.068       0.271
DRB1*04:01     0.0940      0.045      2.082      0.037       0.006       0.182
A*24:03        0.0257      0.042      0.604      0.546      -0.058       0.109
B*37:01       -0.1368      0.051     -2.699      0.007      -0.236      -0.037
C*07:04       -0.0428      0.053     -0.813      0.416      -0.146       0.060
DRB1*08:01    -0.0084      0.069     -0.123      0.902      -0.143       0.126
A*02:17        0.0579      0.047      1.245      0.213      -0.033       0.149
A*01:03       -0.0089      0.050     -0.179      0.858      -0.106       0.088
B*15:03       -0.0704      0.056     -1.260      0.208      -0.180       0.039
B*27:05       -0.0208      0.059     -0.353      0.724      -0.136       0.095
B*40:02       -0.1006      0.059     -1.708      0.088      -0.216       0.015
A*33:03        0.0645      0.050      1.277      0.202      -0.035       0.163
A*31:08        0.0695      0.052      1.339      0.180      -0.032       0.171
A*30:04        0.0462      0.055      0.835      0.404      -0.062       0.154
DRB1*14:04    -0.0441      0.073     -0.606      0.545      -0.187       0.099
B*39:01        0.0481      0.057      0.839      0.401      -0.064       0.160
DRB1*04:06    -0.1588      0.087     -1.834      0.067      -0.328       0.011
DRB1*08:04    -0.1600      0.066     -2.433      0.015      -0.289      -0.031
DQB1*03:04     0.0747      0.074      1.009      0.313      -0.070       0.220
DRB1*11:03     0.1062      0.061      1.743      0.081      -0.013       0.226
A*24:07        0.1119      0.057      1.955      0.051      -0.000       0.224
DRB1*09:01     0.1564      0.069      2.256      0.024       0.021       0.292
A*24:17        0.1671      0.058      2.895      0.004       0.054       0.280
B*50:02        0.0702      0.082      0.854      0.393      -0.091       0.231
B*45:01        0.0937      0.066      1.430      0.153      -0.035       0.222
B*56:01       -0.1592      0.080     -1.996      0.046      -0.316      -0.003
C*15:04        0.0489      0.069      0.706      0.480      -0.087       0.185
DRB1*15:03    -0.3820      0.106     -3.602      0.000      -0.590      -0.174
B*51:06        0.2032      0.068      2.989      0.003       0.070       0.336
B*44:05       -0.0043      0.076     -0.056      0.955      -0.153       0.145
A*24:04        0.0526      0.069      0.763      0.445      -0.082       0.188
DRB1*16:02     0.0231      0.093      0.248      0.804      -0.159       0.205
DRB1*01:03     0.0386      0.075      0.517      0.605      -0.108       0.185
C*04:07       -0.0238      0.075     -0.317      0.751      -0.171       0.123
B*73:01       -0.2995      0.108     -2.785      0.005      -0.510      -0.089
B*39:06       -0.2060      0.091     -2.272      0.023      -0.384      -0.028
B*48:01       -0.2961      0.269     -1.101      0.271      -0.823       0.231
DRB1*04:08     0.0203      0.097      0.210      0.834      -0.169       0.210
B*40:06       -0.0692      0.086     -0.807      0.420      -0.237       0.099
B*27:07        0.0656      0.078      0.836      0.403      -0.088       0.219
C*14:03       -0.0210      0.079     -0.265      0.791      -0.176       0.134
B*57:03       -0.1071      0.086     -1.240      0.215      -0.276       0.062
C*08:03        0.2815      0.284      0.992      0.321      -0.275       0.838
B*14:01       -0.1983      0.131     -1.510      0.131      -0.456       0.059
B*57:02       -0.0431      0.191     -0.226      0.821      -0.417       0.330
C*18:01       -0.1079      0.187     -0.577      0.564      -0.474       0.259
B*47:01        0.0153      0.090      0.171      0.864      -0.160       0.191
DRB1*04:07     0.1549      0.087      1.787      0.074      -0.015       0.325
DRB1*12:02    -0.0330      0.113     -0.291      0.771      -0.255       0.189
A*02:06       -0.0276      0.116     -0.239      0.811      -0.254       0.199
DRB1*08:03    -0.0905      0.098     -0.924      0.356      -0.282       0.101
B*51:07        0.0067      0.102      0.066      0.948      -0.193       0.206
A*74:01       -0.0694      0.103     -0.676      0.499      -0.271       0.132
DRB1*11:02    -0.0661      0.105     -0.629      0.529      -0.272       0.140
A*34:02       -0.1050      0.110     -0.952      0.341      -0.321       0.111
C*08:01        0.2537      0.235      1.077      0.281      -0.208       0.715
C*02:10        0.3092      0.105      2.958      0.003       0.104       0.514
B*42:01        0.2931      0.112      2.621      0.009       0.074       0.512
DRB1*14:06     0.1594      0.113      1.413      0.158      -0.062       0.380
B*13:01       -0.0187      0.154     -0.122      0.903      -0.320       0.282
DQB1*04:01    -0.0936      0.122     -0.766      0.443      -0.333       0.146
B*15:16       -0.2279      0.138     -1.654      0.098      -0.498       0.042
B*15:10       -0.1478      0.144     -1.027      0.305      -0.430       0.134
B*39:10       -0.0968      0.140     -0.693      0.488      -0.371       0.177
A*02:03       -0.3904      0.176     -2.222      0.026      -0.735      -0.046
A*80:01        0.0236      0.134      0.176      0.860      -0.239       0.286
B*37:02        0.2720      0.127      2.138      0.033       0.023       0.521
C*04:03        0.1412      0.183      0.770      0.441      -0.218       0.501
B*38:02        0.4324      0.168      2.574      0.010       0.103       0.762
B*15:18        0.3769      0.141      2.670      0.008       0.100       0.654
A*74:03       -0.1684      0.172     -0.982      0.326      -0.505       0.168
B*15:24        0.0737      0.163      0.453      0.650      -0.245       0.392
B*27:12       -0.3186      0.187     -1.707      0.088      -0.684       0.047
DRB1*08:02     0.1996      0.158      1.266      0.206      -0.110       0.509
B*15:29        0.2395      0.159      1.504      0.133      -0.073       0.552
B*48:04       -0.3571      0.310     -1.152      0.249      -0.965       0.250
B*15:02       -0.3532      0.305     -1.158      0.247      -0.951       0.245
==============================================================================