                          MNLogit Regression Results                          
==============================================================================
Dep. Variable:              tag_level   No. Observations:               298598
Model:                        MNLogit   Df Residuals:                   298218
Method:                           MLE   Df Model:                          378
Date:                Wed, 05 Jan 2022   Pseudo R-squ.:                 0.02689
Time:                        18:35:07   Log-Likelihood:                -88064.
converged:                       True   LL-Null:                       -90497.
                                        LLR p-value:                     0.000
===============================================================================
tag_level=1       coef    std err          z      P>|z|      [0.025      0.975]
-------------------------------------------------------------------------------
const          -2.3151      0.127    -18.222      0.000      -2.564      -2.066
MIN            -1.1806      0.026    -45.326      0.000      -1.232      -1.130
Age_BMI         0.1850      0.015     12.533      0.000       0.156       0.214
Birth_year     -0.0851      0.135     -0.632      0.528      -0.349       0.179
Year_BMI        0.0139      0.133      0.105      0.916      -0.246       0.274
dapar_3gr       0.0486      0.010      4.714      0.000       0.028       0.069
Educ_GE11YN     0.0370      0.010      3.638      0.000       0.017       0.057
Eshkol_3gr      0.1653      0.010     15.941      0.000       0.145       0.186
Israeli         0.1776      0.035      5.106      0.000       0.109       0.246
DQB1*03:01      0.0556      0.048      1.166      0.244      -0.038       0.149
DQB1*02:01     -0.0951      0.064     -1.497      0.134      -0.220       0.029
C*04:01        -0.0531      0.053     -0.997      0.319      -0.157       0.051
DRB1*11:04      0.0177      0.057      0.311      0.756      -0.094       0.129
DRB1*07:01      0.1806      0.070      2.569      0.010       0.043       0.318
A*01:01         0.0784      0.045      1.741      0.082      -0.010       0.167
C*12:03        -0.0576      0.060     -0.961      0.337      -0.175       0.060
DQB1*03:02      0.0350      0.067      0.521      0.603      -0.097       0.167
A*02:01         0.0826      0.045      1.830      0.067      -0.006       0.171
C*07:01        -0.0334      0.055     -0.607      0.544      -0.141       0.074
C*06:02        -0.0116      0.064     -0.180      0.857      -0.137       0.114
DQB1*05:01     -0.0085      0.095     -0.089      0.929      -0.195       0.178
A*24:02         0.0653      0.046      1.427      0.153      -0.024       0.155
B*38:01         0.0948      0.073      1.301      0.193      -0.048       0.238
A*26:01         0.0947      0.050      1.912      0.056      -0.002       0.192
DRB1*04:02      0.0809      0.078      1.040      0.299      -0.072       0.234
DRB1*03:01      0.3009      0.073      4.103      0.000       0.157       0.445
C*08:02         0.3940      0.244      1.613      0.107      -0.085       0.873
B*14:02        -0.3103      0.247     -1.258      0.209      -0.794       0.173
DRB1*13:02      0.0975      0.126      0.776      0.438      -0.149       0.344
DRB1*01:02      0.0208      0.105      0.197      0.843      -0.185       0.227
A*03:02         0.0785      0.050      1.580      0.114      -0.019       0.176
B*18:01         0.0775      0.067      1.164      0.245      -0.053       0.208
B*35:08         0.0319      0.068      0.468      0.640      -0.102       0.165
C*12:02        -0.0866      0.092     -0.939      0.348      -0.267       0.094
A*11:01         0.0672      0.051      1.329      0.184      -0.032       0.166
B*52:01         0.0999      0.106      0.941      0.347      -0.108       0.308
B*44:03         0.1710      0.067      2.541      0.011       0.039       0.303
DRB1*11:01      0.1057      0.059      1.778      0.075      -0.011       0.222
A*03:01         0.0981      0.052      1.887      0.059      -0.004       0.200
C*17:01        -0.0521      0.103     -0.507      0.613      -0.254       0.149
B*35:02         0.0405      0.070      0.574      0.566      -0.098       0.179
DQB1*06:03      0.0833      0.074      1.126      0.260      -0.062       0.228
B*13:02         0.1177      0.080      1.463      0.144      -0.040       0.275
C*07:02        -0.0299      0.072     -0.418      0.676      -0.170       0.110
DQB1*06:04     -0.0835      0.128     -0.653      0.514      -0.334       0.167
DQB1*06:01      0.0148      0.160      0.093      0.926      -0.299       0.328
B*35:01         0.0679      0.070      0.972      0.331      -0.069       0.205
DRB1*15:02     -0.1337      0.166     -0.803      0.422      -0.460       0.193
DQB1*05:03     -0.0192      0.138     -0.140      0.889      -0.289       0.250
B*08:01         0.0786      0.077      1.019      0.308      -0.073       0.230
DRB1*04:03     -0.0774      0.081     -0.956      0.339      -0.236       0.081
A*32:01         0.0695      0.055      1.252      0.210      -0.039       0.178
B*51:01         0.0723      0.083      0.873      0.383      -0.090       0.235
DRB1*14:01     -0.1398      0.139     -1.004      0.315      -0.413       0.133
B*41:01         0.0977      0.103      0.947      0.344      -0.105       0.300
DRB1*15:01     -0.2338      0.134     -1.740      0.082      -0.497       0.030
A*23:01         0.1000      0.058      1.726      0.084      -0.014       0.214
C*02:02        -0.0409      0.084     -0.486      0.627      -0.206       0.124
DRB1*13:01     -0.0370      0.090     -0.412      0.680      -0.213       0.139
A*30:01         0.0844      0.060      1.403      0.161      -0.034       0.202
DQB1*06:02      0.2419      0.137      1.770      0.077      -0.026       0.510
B*49:01         0.0664      0.078      0.854      0.393      -0.086       0.219
DRB1*10:01      0.0712      0.104      0.683      0.495      -0.133       0.276
B*50:01        -0.0135      0.084     -0.160      0.873      -0.179       0.152
A*33:01         0.1229      0.060      2.038      0.042       0.005       0.241
B*44:02         0.1280      0.084      1.518      0.129      -0.037       0.293
A*29:01         0.1321      0.060      2.188      0.029       0.014       0.250
B*07:02         0.0219      0.085      0.257      0.797      -0.145       0.189
A*68:02         0.0058      0.061      0.095      0.924      -0.114       0.126
B*57:01         0.0154      0.085      0.181      0.856      -0.151       0.182
A*02:02        -0.0038      0.071     -0.054      0.957      -0.142       0.134
A*02:05         0.0437      0.064      0.687      0.492      -0.081       0.168
C*15:02         0.0364      0.086      0.424      0.672      -0.132       0.205
DQB1*05:02      0.0060      0.141      0.042      0.966      -0.270       0.282
DRB1*13:03      0.1377      0.072      1.908      0.056      -0.004       0.279
C*05:01        -0.0044      0.074     -0.059      0.953      -0.150       0.141
C*15:05        -0.3053      0.167     -1.824      0.068      -0.633       0.023
A*30:02         0.0024      0.070      0.034      0.973      -0.135       0.140
B*15:17         0.1140      0.087      1.308      0.191      -0.057       0.285
B*55:01         0.0826      0.108      0.765      0.445      -0.129       0.294
B*58:01         0.2315      0.086      2.682      0.007       0.062       0.401
C*01:02        -0.1384      0.098     -1.418      0.156      -0.330       0.053
DQB1*04:02     -0.0056      0.118     -0.047      0.962      -0.237       0.226
DRB1*12:01     -0.0504      0.073     -0.695      0.487      -0.193       0.092
C*16:04        -0.1198      0.081     -1.483      0.138      -0.278       0.039
DRB1*16:01      0.0520      0.149      0.350      0.726      -0.239       0.343
B*07:05         0.2782      0.167      1.668      0.095      -0.049       0.605
DRB1*13:05     -0.0012      0.078     -0.016      0.987      -0.154       0.151
B*41:02         0.0757      0.121      0.626      0.531      -0.161       0.313
A*68:01         0.0365      0.073      0.501      0.617      -0.106       0.179
B*53:01         0.1461      0.088      1.664      0.096      -0.026       0.318
C*03:04        -0.0639      0.111     -0.574      0.566      -0.282       0.155
DQB1*02:02     -0.2116      0.082     -2.566      0.010      -0.373      -0.050
DQB1*06:09     -0.1619      0.132     -1.227      0.220      -0.421       0.097
DRB1*04:04      0.0233      0.101      0.230      0.818      -0.175       0.222
DRB1*04:05      0.0078      0.095      0.082      0.935      -0.178       0.193
A*25:01         0.2020      0.071      2.834      0.005       0.062       0.342
C*03:03        -0.2107      0.099     -2.136      0.033      -0.404      -0.017
DRB1*01:01     -0.0884      0.116     -0.760      0.447      -0.316       0.139
A*66:01         0.1220      0.077      1.594      0.111      -0.028       0.272
A*69:01         0.2498      0.082      3.032      0.002       0.088       0.411
DQB1*03:03     -0.0462      0.089     -0.518      0.605      -0.221       0.129
B*40:01         0.0247      0.125      0.198      0.843      -0.220       0.270
DQB1*03:05      0.0868      0.090      0.965      0.335      -0.089       0.263
B*35:03         0.1495      0.089      1.678      0.093      -0.025       0.324
C*16:01        -0.1555      0.092     -1.697      0.090      -0.335       0.024
C*16:02        -0.1851      0.129     -1.435      0.151      -0.438       0.068
C*14:02        -0.0349      0.110     -0.319      0.750      -0.250       0.180
A*29:02         0.0874      0.085      1.024      0.306      -0.080       0.255
A*31:01         0.1539      0.081      1.899      0.058      -0.005       0.313
B*15:01         0.2067      0.100      2.075      0.038       0.011       0.402
B*51:08        -0.0531      0.149     -0.357      0.721      -0.345       0.238
C*03:02        -0.1988      0.117     -1.705      0.088      -0.427       0.030
B*27:02         0.1557      0.113      1.379      0.168      -0.066       0.377
DRB1*04:01      0.0914      0.094      0.974      0.330      -0.092       0.275
A*24:03        -0.0130      0.090     -0.145      0.885      -0.189       0.163
B*37:01        -0.0535      0.107     -0.500      0.617      -0.263       0.156
C*07:04        -0.0608      0.112     -0.544      0.586      -0.280       0.158
DRB1*08:01      0.1502      0.149      1.010      0.313      -0.141       0.442
A*02:17         0.1004      0.109      0.924      0.356      -0.113       0.313
A*01:03         0.1763      0.120      1.464      0.143      -0.060       0.412
B*15:03         0.2541      0.144      1.759      0.079      -0.029       0.537
B*27:05         0.1292      0.128      1.012      0.311      -0.121       0.379
B*40:02        -0.1780      0.127     -1.400      0.161      -0.427       0.071
A*33:03         0.1986      0.109      1.817      0.069      -0.016       0.413
A*31:08         0.1208      0.102      1.190      0.234      -0.078       0.320
A*30:04         0.3041      0.120      2.535      0.011       0.069       0.539
DRB1*14:04     -0.3886      0.188     -2.071      0.038      -0.756      -0.021
B*39:01         0.1789      0.116      1.545      0.122      -0.048       0.406
DRB1*04:06     -0.1481      0.213     -0.695      0.487      -0.566       0.270
DRB1*08:04     -0.1396      0.174     -0.804      0.421      -0.480       0.201
DQB1*03:04      0.0778      0.151      0.515      0.607      -0.219       0.374
DRB1*11:03      0.1495      0.122      1.227      0.220      -0.089       0.388
A*24:07        -0.1004      0.161     -0.623      0.534      -0.416       0.216
DRB1*09:01      0.0254      0.150      0.169      0.866      -0.269       0.320
A*24:17         0.0945      0.146      0.648      0.517      -0.191       0.380
B*50:02         0.1093      0.214      0.510      0.610      -0.311       0.529
B*45:01         0.0813      0.152      0.534      0.594      -0.217       0.380
B*56:01         0.1141      0.161      0.707      0.479      -0.202       0.430
C*15:04        -0.3296      0.157     -2.099      0.036      -0.637      -0.022
DRB1*15:03     -0.5950      0.434     -1.370      0.171      -1.446       0.256
B*51:06         0.4641      0.153      3.035      0.002       0.164       0.764
B*44:05         0.1076      0.157      0.686      0.493      -0.200       0.415
A*24:04         0.1994      0.143      1.399      0.162      -0.080       0.479
DRB1*16:02      0.1131      0.197      0.573      0.567      -0.274       0.500
DRB1*01:03      0.1891      0.146      1.298      0.194      -0.097       0.475
C*04:07         0.3971      0.189      2.098      0.036       0.026       0.768
B*73:01         0.3580      0.233      1.535      0.125      -0.099       0.815
B*39:06        -0.3092      0.193     -1.605      0.109      -0.687       0.068
B*48:01        -0.2450      0.547     -0.448      0.654      -1.316       0.827
DRB1*04:08      0.0094      0.190      0.049      0.961      -0.364       0.383
B*40:06         0.1189      0.195      0.611      0.541      -0.263       0.500
B*27:07         0.2258      0.162      1.393      0.163      -0.092       0.543
C*14:03        -0.1379      0.192     -0.718      0.473      -0.515       0.239
B*57:03        -0.1975      0.209     -0.947      0.344      -0.606       0.211
C*08:03         0.1822      0.583      0.313      0.755      -0.960       1.324
B*14:01        -0.4946      0.300     -1.649      0.099      -1.083       0.093
B*57:02        -0.4066      0.854     -0.476      0.634      -2.080       1.266
C*18:01         0.4231      0.679      0.623      0.533      -0.908       1.754
B*47:01        -0.2452      0.238     -1.029      0.303      -0.712       0.222
DRB1*04:07      0.2255      0.175      1.287      0.198      -0.118       0.569
DRB1*12:02     -0.0779      0.246     -0.317      0.751      -0.560       0.404
A*02:06        -0.0843      0.248     -0.339      0.734      -0.571       0.402
DRB1*08:03     -0.3424      0.234     -1.463      0.144      -0.801       0.116
B*51:07        -0.0832      0.241     -0.346      0.730      -0.555       0.389
A*74:01         0.2093      0.328      0.639      0.523      -0.433       0.852
DRB1*11:02      0.2275      0.218      1.042      0.297      -0.200       0.655
A*34:02        -0.0564      0.271     -0.208      0.835      -0.587       0.474
C*08:01         0.6819      0.544      1.253      0.210      -0.385       1.749
C*02:10         0.0743      0.224      0.332      0.740      -0.365       0.514
B*42:01         0.2119      0.273      0.777      0.437      -0.323       0.747
DRB1*14:06      0.0890      0.267      0.333      0.739      -0.435       0.613
B*13:01         0.1444      0.371      0.389      0.697      -0.583       0.872
DQB1*04:01      0.0627      0.337      0.186      0.852      -0.598       0.724
B*15:16        -0.3145      0.304     -1.036      0.300      -0.910       0.281
B*15:10        -0.4510      0.427     -1.056      0.291      -1.288       0.386
B*39:10         0.4107      0.337      1.218      0.223      -0.250       1.072
A*02:03        -1.4609      0.750     -1.947      0.051      -2.931       0.009
A*80:01        -0.0164      0.299     -0.055      0.956      -0.603       0.570
B*37:02         0.7048      0.262      2.687      0.007       0.191       1.219
C*04:03        -0.1269      0.541     -0.235      0.815      -1.187       0.933
B*38:02         0.7073      0.453      1.561      0.119      -0.181       1.596
B*15:18         0.1667      0.320      0.520      0.603      -0.461       0.795
A*74:03         0.2393      1.029      0.233      0.816      -1.777       2.256
B*15:24        -0.9375      0.592     -1.583      0.113      -2.098       0.223
B*27:12         0.0870      0.374      0.232      0.816      -0.646       0.820
DRB1*08:02     -0.2780      0.525     -0.529      0.597      -1.308       0.752
B*15:29        -0.4097      0.525     -0.781      0.435      -1.438       0.619
B*48:04        -0.5189      0.779     -0.666      0.505      -2.045       1.007
B*15:02        -1.2607      0.902     -1.397      0.162      -3.029       0.508
-------------------------------------------------------------------------------
tag_level=2       coef    std err          z      P>|z|      [0.025      0.975]
-------------------------------------------------------------------------------
const          -4.2065      0.122    -34.571      0.000      -4.445      -3.968
MIN             0.1511      0.020      7.641      0.000       0.112       0.190
Age_BMI         0.1387      0.014      9.677      0.000       0.111       0.167
Birth_year     -0.2862      0.124     -2.309      0.021      -0.529      -0.043
Year_BMI        0.1751      0.122      1.433      0.152      -0.064       0.415
dapar_3gr       0.0414      0.010      4.131      0.000       0.022       0.061
Educ_GE11YN     0.0191      0.010      1.861      0.063      -0.001       0.039
Eshkol_3gr      0.0961      0.010      9.653      0.000       0.077       0.116
Israeli         0.3352      0.034      9.753      0.000       0.268       0.403
DQB1*03:01     -0.0023      0.045     -0.051      0.959      -0.090       0.086
DQB1*02:01      0.0026      0.060      0.043      0.966      -0.115       0.120
C*04:01         0.0292      0.052      0.562      0.574      -0.073       0.131
DRB1*11:04      0.1990      0.054      3.671      0.000       0.093       0.305
DRB1*07:01      0.1606      0.067      2.403      0.016       0.030       0.292
A*01:01        -0.0268      0.042     -0.643      0.520      -0.109       0.055
C*12:03         0.0516      0.058      0.886      0.375      -0.063       0.166
DQB1*03:02      0.0698      0.063      1.114      0.265      -0.053       0.193
A*02:01        -0.0662      0.042     -1.579      0.114      -0.148       0.016
C*07:01         0.1377      0.053      2.577      0.010       0.033       0.243
C*06:02         0.1308      0.062      2.112      0.035       0.009       0.252
DQB1*05:01     -0.0943      0.088     -1.073      0.283      -0.266       0.078
A*24:02         0.0006      0.042      0.014      0.989      -0.082       0.083
B*38:01         0.1871      0.069      2.699      0.007       0.051       0.323
A*26:01        -0.0618      0.046     -1.344      0.179      -0.152       0.028
DRB1*04:02      0.0955      0.073      1.306      0.192      -0.048       0.239
DRB1*03:01      0.2566      0.070      3.670      0.000       0.120       0.394
C*08:02         0.1316      0.214      0.615      0.539      -0.288       0.551
B*14:02         0.0658      0.216      0.304      0.761      -0.358       0.490
DRB1*13:02     -0.0219      0.124     -0.176      0.860      -0.265       0.221
DRB1*01:02      0.1248      0.098      1.277      0.202      -0.067       0.316
A*03:02         0.0034      0.046      0.074      0.941      -0.087       0.093
B*18:01        -0.0920      0.064     -1.438      0.150      -0.217       0.033
B*35:08        -0.0269      0.065     -0.411      0.681      -0.155       0.101
C*12:02         0.0471      0.086      0.547      0.584      -0.122       0.216
A*11:01        -0.0004      0.047     -0.008      0.993      -0.092       0.091
B*52:01        -0.0315      0.099     -0.317      0.751      -0.226       0.163
B*44:03         0.1691      0.064      2.636      0.008       0.043       0.295
DRB1*11:01      0.3091      0.056      5.530      0.000       0.200       0.419
A*03:01         0.0619      0.048      1.292      0.196      -0.032       0.156
C*17:01         0.2639      0.100      2.633      0.008       0.067       0.460
B*35:02         0.0659      0.067      0.980      0.327      -0.066       0.198
DQB1*06:03     -0.0414      0.071     -0.587      0.557      -0.180       0.097
B*13:02        -0.0043      0.077     -0.056      0.955      -0.155       0.147
C*07:02         0.1018      0.069      1.477      0.140      -0.033       0.237
DQB1*06:04      0.0479      0.126      0.381      0.704      -0.199       0.295
DQB1*06:01     -0.0296      0.144     -0.205      0.837      -0.313       0.253
B*35:01         0.0576      0.067      0.863      0.388      -0.073       0.188
DRB1*15:02      0.0778      0.150      0.517      0.605      -0.217       0.373
DQB1*05:03      0.0688      0.128      0.539      0.590      -0.182       0.319
B*08:01         0.0365      0.073      0.498      0.619      -0.107       0.180
DRB1*04:03      0.0045      0.076      0.059      0.953      -0.145       0.154
A*32:01         0.0882      0.050      1.748      0.080      -0.011       0.187
B*51:01        -0.0841      0.080     -1.048      0.295      -0.241       0.073
DRB1*14:01     -0.0808      0.130     -0.622      0.534      -0.335       0.174
B*41:01        -0.0446      0.102     -0.439      0.661      -0.244       0.155
DRB1*15:01      0.1962      0.120      1.642      0.101      -0.038       0.431
A*23:01        -0.0427      0.054     -0.790      0.429      -0.149       0.063
C*02:02        -0.0328      0.082     -0.402      0.688      -0.193       0.127
DRB1*13:01      0.0017      0.087      0.020      0.984      -0.168       0.172
A*30:01         0.0401      0.056      0.718      0.473      -0.069       0.149
DQB1*06:02     -0.2026      0.123     -1.648      0.099      -0.444       0.038
B*49:01         0.1133      0.073      1.561      0.119      -0.029       0.256
DRB1*10:01      0.2566      0.096      2.663      0.008       0.068       0.445
B*50:01         0.0347      0.080      0.433      0.665      -0.122       0.192
A*33:01        -0.0781      0.058     -1.356      0.175      -0.191       0.035
B*44:02         0.0667      0.079      0.844      0.399      -0.088       0.221
A*29:01         0.0138      0.056      0.246      0.806      -0.096       0.124
B*07:02        -0.0925      0.082     -1.133      0.257      -0.252       0.067
A*68:02        -0.0323      0.056     -0.574      0.566      -0.143       0.078
B*57:01        -0.0022      0.081     -0.027      0.979      -0.161       0.157
A*02:02        -0.0922      0.066     -1.397      0.162      -0.222       0.037
A*02:05        -0.1153      0.060     -1.909      0.056      -0.234       0.003
C*15:02         0.2119      0.082      2.585      0.010       0.051       0.373
DQB1*05:02     -0.0792      0.134     -0.591      0.554      -0.342       0.183
DRB1*13:03      0.1004      0.071      1.422      0.155      -0.038       0.239
C*05:01         0.2304      0.070      3.295      0.001       0.093       0.368
C*15:05         0.3014      0.159      1.901      0.057      -0.009       0.612
A*30:02        -0.0415      0.066     -0.634      0.526      -0.170       0.087
B*15:17        -0.0268      0.084     -0.319      0.749      -0.191       0.138
B*55:01         0.1799      0.101      1.772      0.076      -0.019       0.379
B*58:01         0.0176      0.084      0.208      0.835      -0.148       0.183
C*01:02        -0.0858      0.094     -0.917      0.359      -0.269       0.098
DQB1*04:02      0.1488      0.106      1.398      0.162      -0.060       0.358
DRB1*12:01      0.1349      0.069      1.969      0.049       0.001       0.269
C*16:04         0.0944      0.075      1.256      0.209      -0.053       0.242
DRB1*16:01      0.0914      0.143      0.641      0.522      -0.188       0.371
B*07:05        -0.1848      0.162     -1.142      0.254      -0.502       0.132
DRB1*13:05     -0.0231      0.075     -0.307      0.759      -0.171       0.125
B*41:02        -0.1464      0.117     -1.250      0.211      -0.376       0.083
A*68:01        -0.1359      0.070     -1.954      0.051      -0.272       0.000
B*53:01        -0.1565      0.090     -1.744      0.081      -0.332       0.019
C*03:04        -0.0942      0.106     -0.889      0.374      -0.302       0.114
DQB1*02:02     -0.1046      0.078     -1.348      0.178      -0.257       0.047
DQB1*06:09      0.0668      0.129      0.518      0.605      -0.186       0.320
DRB1*04:04      0.1175      0.094      1.245      0.213      -0.067       0.302
DRB1*04:05      0.2006      0.086      2.336      0.019       0.032       0.369
A*25:01         0.1756      0.067      2.622      0.009       0.044       0.307
C*03:03        -0.0098      0.092     -0.106      0.915      -0.190       0.171
DRB1*01:01      0.1663      0.107      1.556      0.120      -0.043       0.376
A*66:01        -0.0087      0.072     -0.121      0.903      -0.149       0.132
A*69:01        -0.0611      0.080     -0.759      0.448      -0.219       0.097
DQB1*03:03      0.0173      0.084      0.205      0.838      -0.148       0.183
B*40:01         0.1695      0.116      1.464      0.143      -0.057       0.396
DQB1*03:05      0.0013      0.087      0.015      0.988      -0.169       0.171
B*35:03        -0.0058      0.088     -0.066      0.947      -0.177       0.166
C*16:01         0.1155      0.084      1.382      0.167      -0.048       0.279
C*16:02         0.1568      0.122      1.289      0.198      -0.082       0.395
C*14:02         0.0605      0.108      0.559      0.576      -0.152       0.272
A*29:02        -0.0421      0.080     -0.527      0.598      -0.199       0.115
A*31:01         0.0115      0.078      0.148      0.882      -0.141       0.164
B*15:01         0.0871      0.096      0.904      0.366      -0.102       0.276
B*51:08        -0.3002      0.142     -2.115      0.034      -0.578      -0.022
C*03:02         0.0939      0.111      0.844      0.399      -0.124       0.312
B*27:02         0.3214      0.106      3.034      0.002       0.114       0.529
DRB1*04:01      0.1724      0.089      1.933      0.053      -0.002       0.347
A*24:03        -0.0351      0.083     -0.423      0.672      -0.198       0.128
B*37:01        -0.2391      0.105     -2.275      0.023      -0.445      -0.033
C*07:04        -0.0480      0.112     -0.430      0.667      -0.267       0.171
DRB1*08:01     -0.1121      0.141     -0.793      0.428      -0.389       0.165
A*02:17         0.0381      0.099      0.386      0.700      -0.155       0.232
A*01:03        -0.1203      0.125     -0.959      0.337      -0.366       0.125
B*15:03         0.1835      0.135      1.356      0.175      -0.082       0.449
B*27:05         0.1412      0.122      1.154      0.249      -0.099       0.381
B*40:02         0.0181      0.115      0.158      0.874      -0.207       0.243
A*33:03         0.1311      0.102      1.283      0.199      -0.069       0.331
A*31:08        -0.0370      0.098     -0.379      0.704      -0.228       0.154
A*30:04        -0.0800      0.124     -0.643      0.520      -0.324       0.164
DRB1*14:04     -0.2153      0.170     -1.270      0.204      -0.548       0.117
B*39:01         0.0441      0.113      0.390      0.697      -0.177       0.266
DRB1*04:06     -0.4787      0.205     -2.335      0.020      -0.881      -0.077
DRB1*08:04     -0.0200      0.163     -0.122      0.903      -0.340       0.300
DQB1*03:04      0.2590      0.137      1.893      0.058      -0.009       0.527
DRB1*11:03      0.1866      0.117      1.597      0.110      -0.042       0.416
A*24:07        -0.1123      0.146     -0.770      0.441      -0.398       0.173
DRB1*09:01      0.1161      0.141      0.824      0.410      -0.160       0.392
A*24:17         0.1666      0.134      1.247      0.212      -0.095       0.429
B*50:02         0.3311      0.195      1.698      0.089      -0.051       0.713
B*45:01         0.0489      0.142      0.345      0.730      -0.229       0.327
B*56:01         0.0239      0.158      0.151      0.880      -0.287       0.334
C*15:04        -0.0078      0.146     -0.054      0.957      -0.293       0.278
DRB1*15:03     -0.3874      0.489     -0.792      0.429      -1.347       0.572
B*51:06         0.3204      0.148      2.163      0.031       0.030       0.611
B*44:05         0.2029      0.147      1.384      0.166      -0.084       0.490
A*24:04         0.0166      0.134      0.123      0.902      -0.247       0.280
DRB1*16:02      0.1548      0.194      0.799      0.425      -0.225       0.535
DRB1*01:03      0.0618      0.148      0.417      0.677      -0.229       0.352
C*04:07         0.1233      0.208      0.594      0.553      -0.284       0.530
B*73:01        -0.4571      0.236     -1.936      0.053      -0.920       0.006
B*39:06        -0.1670      0.178     -0.936      0.349      -0.516       0.183
B*48:01        -0.5292      0.636     -0.832      0.405      -1.776       0.717
DRB1*04:08      0.0041      0.178      0.023      0.982      -0.346       0.354
B*40:06         0.0721      0.181      0.397      0.691      -0.284       0.428
B*27:07         0.1236      0.150      0.823      0.411      -0.171       0.418
C*14:03        -0.0538      0.178     -0.303      0.762      -0.402       0.295
B*57:03         0.3034      0.158      1.917      0.055      -0.007       0.614
C*08:03         0.3974      0.661      0.601      0.548      -0.899       1.694
B*14:01        -0.2294      0.272     -0.845      0.398      -0.762       0.303
B*57:02        -0.8328      0.985     -0.846      0.398      -2.763       1.098
C*18:01         0.3806      0.683      0.557      0.577      -0.958       1.720
B*47:01         0.2298      0.186      1.236      0.216      -0.135       0.594
DRB1*04:07      0.2673      0.173      1.543      0.123      -0.072       0.607
DRB1*12:02     -0.0646      0.243     -0.266      0.790      -0.540       0.411
A*02:06        -0.0040      0.232     -0.017      0.986      -0.458       0.450
DRB1*08:03      0.2113      0.183      1.153      0.249      -0.148       0.570
B*51:07         0.0941      0.214      0.439      0.661      -0.326       0.514
A*74:01         0.3315      0.282      1.177      0.239      -0.221       0.884
DRB1*11:02      0.0429      0.230      0.186      0.852      -0.408       0.493
A*34:02        -0.3167      0.259     -1.224      0.221      -0.824       0.190
C*08:01        -0.4290      0.766     -0.560      0.575      -1.930       1.072
C*02:10         0.2769      0.205      1.352      0.176      -0.124       0.678
B*42:01         0.1392      0.261      0.533      0.594      -0.373       0.651
DRB1*14:06      0.5017      0.228      2.202      0.028       0.055       0.948
B*13:01        -0.1368      0.390     -0.351      0.726      -0.900       0.627
DQB1*04:01     -0.1898      0.368     -0.515      0.606      -0.912       0.532
B*15:16        -0.0557      0.246     -0.227      0.821      -0.537       0.426
B*15:10         0.0328      0.323      0.102      0.919      -0.599       0.665
B*39:10        -0.2149      0.423     -0.508      0.612      -1.045       0.615
A*02:03        -1.0239      0.497     -2.061      0.039      -1.998      -0.050
A*80:01         0.3120      0.229      1.361      0.174      -0.137       0.761
B*37:02        -0.1744      0.350     -0.498      0.619      -0.861       0.512
C*04:03         0.6279      0.426      1.473      0.141      -0.208       1.463
B*38:02         0.8022      0.368      2.180      0.029       0.081       1.524
B*15:18         0.8646      0.248      3.492      0.000       0.379       1.350
A*74:03         0.0372      1.025      0.036      0.971      -1.971       2.045
B*15:24         0.0140      0.355      0.039      0.969      -0.681       0.709
B*27:12         0.0294      0.395      0.074      0.941      -0.745       0.804
DRB1*08:02      0.7550      0.290      2.603      0.009       0.187       1.323
B*15:29         0.0456      0.436      0.105      0.917      -0.809       0.900
B*48:04         0.7733      0.910      0.850      0.395      -1.010       2.556
B*15:02         0.8797      0.866      1.016      0.309      -0.817       2.576
===============================================================================