                          MNLogit Regression Results                          
==============================================================================
Dep. Variable:              tag_level   No. Observations:               623723
Model:                        MNLogit   Df Residuals:                   623343
Method:                           MLE   Df Model:                          378
Date:                Wed, 05 Jan 2022   Pseudo R-squ.:                 0.02747
Time:                        18:33:43   Log-Likelihood:            -1.9060e+05
converged:                       True   LL-Null:                   -1.9598e+05
                                        LLR p-value:                     0.000
===============================================================================
tag_level=1       coef    std err          z      P>|z|      [0.025      0.975]
-------------------------------------------------------------------------------
const          -2.2452      0.085    -26.560      0.000      -2.411      -2.080
MIN            -1.2001      0.018    -68.120      0.000      -1.235      -1.166
Age_BMI         0.1784      0.010     17.308      0.000       0.158       0.199
Birth_year     -0.2966      0.091     -3.266      0.001      -0.475      -0.119
Year_BMI        0.2160      0.090      2.409      0.016       0.040       0.392
dapar_3gr       0.0578      0.007      8.290      0.000       0.044       0.071
Educ_GE11YN     0.0275      0.007      4.134      0.000       0.014       0.040
Eshkol_3gr      0.1376      0.007     19.799      0.000       0.124       0.151
Israeli         0.3571      0.024     14.604      0.000       0.309       0.405
DQB1*03:01      0.0505      0.032      1.589      0.112      -0.012       0.113
DQB1*02:01     -0.0388      0.039     -0.985      0.325      -0.116       0.038
C*04:01         0.0068      0.036      0.191      0.849      -0.063       0.076
DRB1*11:04      0.0612      0.038      1.607      0.108      -0.013       0.136
DRB1*07:01      0.1167      0.044      2.627      0.009       0.030       0.204
A*01:01         0.0495      0.030      1.670      0.095      -0.009       0.108
C*12:03        -0.0065      0.040     -0.162      0.871      -0.085       0.072
DQB1*03:02     -0.0192      0.042     -0.462      0.644      -0.101       0.062
A*02:01         0.0281      0.030      0.938      0.348      -0.031       0.087
C*07:01        -0.0095      0.036     -0.263      0.793      -0.080       0.061
C*06:02         0.0215      0.041      0.520      0.603      -0.060       0.102
DQB1*05:01      0.0245      0.059      0.417      0.677      -0.091       0.140
A*24:02         0.0405      0.030      1.337      0.181      -0.019       0.100
B*38:01        -0.0050      0.049     -0.102      0.919      -0.100       0.090
A*26:01         0.0396      0.034      1.180      0.238      -0.026       0.105
DRB1*04:02      0.1431      0.049      2.897      0.004       0.046       0.240
DRB1*03:01      0.2339      0.046      5.094      0.000       0.144       0.324
C*08:02         0.1685      0.158      1.066      0.286      -0.141       0.478
B*14:02        -0.1529      0.159     -0.961      0.336      -0.465       0.159
DRB1*13:02     -0.0821      0.076     -1.085      0.278      -0.230       0.066
DRB1*01:02     -0.0101      0.065     -0.155      0.877      -0.138       0.118
A*03:02         0.0432      0.033      1.312      0.190      -0.021       0.108
B*18:01        -0.0640      0.044     -1.459      0.144      -0.150       0.022
B*35:08        -0.1074      0.045     -2.401      0.016      -0.195      -0.020
C*12:02         0.0065      0.065      0.100      0.920      -0.121       0.134
A*11:01         0.0566      0.033      1.691      0.091      -0.009       0.122
B*52:01        -0.0559      0.073     -0.767      0.443      -0.199       0.087
B*44:03         0.0818      0.043      1.880      0.060      -0.003       0.167
DRB1*11:01      0.1347      0.040      3.379      0.001       0.057       0.213
A*03:01         0.0369      0.034      1.072      0.284      -0.031       0.104
C*17:01        -0.0320      0.069     -0.466      0.641      -0.166       0.103
B*35:02        -0.0389      0.047     -0.827      0.408      -0.131       0.053
DQB1*06:03      0.0152      0.053      0.285      0.776      -0.089       0.120
B*13:02         0.0835      0.051      1.642      0.101      -0.016       0.183
C*07:02        -0.0158      0.046     -0.346      0.729      -0.105       0.073
DQB1*06:04      0.1195      0.077      1.561      0.118      -0.031       0.270
DQB1*06:01      0.0557      0.089      0.629      0.530      -0.118       0.229
B*35:01        -0.0420      0.046     -0.912      0.362      -0.132       0.048
DRB1*15:02     -0.1241      0.093     -1.338      0.181      -0.306       0.058
DQB1*05:03      0.0359      0.083      0.434      0.664      -0.126       0.198
B*08:01         0.0207      0.050      0.415      0.678      -0.077       0.118
DRB1*04:03     -0.0116      0.050     -0.232      0.817      -0.110       0.087
A*32:01         0.0710      0.036      1.974      0.048       0.001       0.142
B*51:01        -0.0618      0.053     -1.159      0.247      -0.166       0.043
DRB1*14:01     -0.0939      0.085     -1.108      0.268      -0.260       0.072
B*41:01         0.0229      0.069      0.330      0.741      -0.113       0.159
DRB1*15:01     -0.0501      0.082     -0.613      0.540      -0.210       0.110
A*23:01         0.0409      0.038      1.081      0.280      -0.033       0.115
C*02:02         0.0221      0.052      0.425      0.671      -0.080       0.124
DRB1*13:01      0.0005      0.063      0.008      0.993      -0.124       0.125
A*30:01         0.0224      0.039      0.573      0.567      -0.054       0.099
DQB1*06:02      0.1088      0.083      1.317      0.188      -0.053       0.271
B*49:01         0.0099      0.048      0.204      0.838      -0.085       0.105
DRB1*10:01      0.1280      0.065      1.969      0.049       0.001       0.255
B*50:01        -0.0819      0.054     -1.507      0.132      -0.188       0.025
A*33:01         0.0599      0.041      1.477      0.140      -0.020       0.139
B*44:02         0.0321      0.055      0.584      0.559      -0.076       0.140
A*29:01         0.0597      0.041      1.445      0.148      -0.021       0.141
B*07:02        -0.0428      0.055     -0.773      0.439      -0.151       0.066
A*68:02        -0.0576      0.041     -1.416      0.157      -0.137       0.022
B*57:01     -2.047e-05      0.055     -0.000      1.000      -0.109       0.109
A*02:02        -0.0278      0.042     -0.661      0.509      -0.110       0.055
A*02:05        -0.0101      0.044     -0.230      0.818      -0.096       0.076
C*15:02         0.1121      0.054      2.065      0.039       0.006       0.219
DQB1*05:02     -0.0510      0.091     -0.564      0.573      -0.229       0.126
DRB1*13:03      0.0666      0.048      1.397      0.162      -0.027       0.160
C*05:01         0.0441      0.051      0.863      0.388      -0.056       0.144
C*15:05         0.0143      0.104      0.138      0.891      -0.189       0.218
A*30:02         0.0208      0.045      0.467      0.640      -0.066       0.108
B*15:17         0.0150      0.054      0.279      0.780      -0.091       0.121
B*55:01        -0.0516      0.069     -0.745      0.456      -0.187       0.084
B*58:01         0.1943      0.058      3.358      0.001       0.081       0.308
C*01:02        -0.0015      0.065     -0.023      0.982      -0.128       0.125
DQB1*04:02     -0.0549      0.075     -0.728      0.466      -0.203       0.093
DRB1*12:01      0.0656      0.049      1.342      0.180      -0.030       0.161
C*16:04        -0.0584      0.052     -1.115      0.265      -0.161       0.044
DRB1*16:01      0.0836      0.095      0.881      0.378      -0.102       0.269
B*07:05        -0.0068      0.105     -0.065      0.948      -0.212       0.198
DRB1*13:05     -0.0323      0.054     -0.603      0.547      -0.137       0.073
B*41:02         0.0180      0.081      0.222      0.824      -0.141       0.177
A*68:01        -0.0242      0.047     -0.510      0.610      -0.117       0.069
B*53:01        -0.0456      0.054     -0.842      0.400      -0.152       0.061
C*03:04        -0.0217      0.071     -0.303      0.762      -0.162       0.118
DQB1*02:02     -0.1298      0.056     -2.314      0.021      -0.240      -0.020
DQB1*06:09      0.0457      0.082      0.556      0.579      -0.116       0.207
DRB1*04:04      0.1392      0.063      2.193      0.028       0.015       0.264
DRB1*04:05      0.0656      0.057      1.145      0.252      -0.047       0.178
A*25:01         0.1150      0.051      2.268      0.023       0.016       0.214
C*03:03        -0.0464      0.064     -0.728      0.467      -0.171       0.079
DRB1*01:01      0.0070      0.074      0.094      0.925      -0.138       0.152
A*66:01         0.0468      0.053      0.882      0.378      -0.057       0.151
A*69:01         0.1050      0.056      1.870      0.061      -0.005       0.215
DQB1*03:03      0.0299      0.061      0.490      0.624      -0.090       0.149
B*40:01        -0.0529      0.079     -0.668      0.504      -0.208       0.102
DQB1*03:05     -0.0038      0.060     -0.064      0.949      -0.121       0.113
B*35:03        -0.0151      0.060     -0.253      0.800      -0.132       0.102
C*16:01        -0.0787      0.061     -1.300      0.194      -0.197       0.040
C*16:02        -0.0113      0.079     -0.144      0.885      -0.165       0.143
C*14:02         0.0041      0.071      0.058      0.954      -0.134       0.142
A*29:02         0.0577      0.057      1.012      0.312      -0.054       0.170
A*31:01         0.0780      0.056      1.393      0.164      -0.032       0.188
B*15:01         0.0515      0.066      0.783      0.434      -0.077       0.181
B*51:08        -0.1638      0.087     -1.874      0.061      -0.335       0.008
C*03:02        -0.0754      0.072     -1.051      0.293      -0.216       0.065
B*27:02         0.0948      0.074      1.280      0.200      -0.050       0.240
DRB1*04:01      0.1209      0.064      1.884      0.060      -0.005       0.247
A*24:03         0.0001      0.061      0.002      0.998      -0.120       0.121
B*37:01        -0.1338      0.072     -1.867      0.062      -0.274       0.007
C*07:04         0.0341      0.073      0.469      0.639      -0.108       0.177
DRB1*08:01      0.1924      0.098      1.959      0.050    -8.2e-05       0.385
A*02:17         0.0454      0.068      0.673      0.501      -0.087       0.178
A*01:03         0.0574      0.069      0.834      0.404      -0.077       0.192
B*15:03        -0.1402      0.083     -1.687      0.092      -0.303       0.023
B*27:05        -0.0532      0.084     -0.632      0.527      -0.218       0.112
B*40:02        -0.1705      0.085     -2.007      0.045      -0.337      -0.004
A*33:03         0.0906      0.073      1.245      0.213      -0.052       0.233
A*31:08         0.0323      0.075      0.431      0.667      -0.115       0.180
A*30:04         0.0758      0.079      0.963      0.336      -0.079       0.230
DRB1*14:04     -0.0604      0.102     -0.591      0.554      -0.261       0.140
B*39:01         0.0945      0.080      1.177      0.239      -0.063       0.252
DRB1*04:06      0.0624      0.122      0.510      0.610      -0.178       0.302
DRB1*08:04     -0.1326      0.096     -1.385      0.166      -0.320       0.055
DQB1*03:04      0.1042      0.105      0.988      0.323      -0.103       0.311
DRB1*11:03      0.1575      0.086      1.821      0.069      -0.012       0.327
A*24:07         0.1546      0.079      1.945      0.052      -0.001       0.310
DRB1*09:01      0.0520      0.100      0.522      0.602      -0.143       0.247
A*24:17         0.1363      0.080      1.697      0.090      -0.021       0.294
B*50:02        -0.0919      0.118     -0.777      0.437      -0.324       0.140
B*45:01         0.0516      0.094      0.548      0.584      -0.133       0.236
B*56:01        -0.1671      0.114     -1.463      0.143      -0.391       0.057
C*15:04        -0.1413      0.102     -1.379      0.168      -0.342       0.059
DRB1*15:03     -0.3822      0.150     -2.552      0.011      -0.676      -0.089
B*51:06         0.2233      0.094      2.366      0.018       0.038       0.408
B*44:05        -0.0837      0.111     -0.756      0.450      -0.301       0.133
A*24:04         0.1717      0.095      1.806      0.071      -0.015       0.358
DRB1*16:02      0.0666      0.131      0.508      0.611      -0.190       0.324
DRB1*01:03      0.0720      0.105      0.688      0.491      -0.133       0.277
C*04:07         0.0513      0.104      0.494      0.621      -0.152       0.255
B*73:01        -0.2855      0.154     -1.849      0.064      -0.588       0.017
B*39:06        -0.3467      0.131     -2.650      0.008      -0.603      -0.090
B*48:01        -0.3887      0.353     -1.101      0.271      -1.080       0.303
DRB1*04:08     -0.0848      0.140     -0.606      0.544      -0.359       0.189
B*40:06        -0.0985      0.123     -0.802      0.423      -0.339       0.142
B*27:07         0.0154      0.114      0.135      0.892      -0.208       0.239
C*14:03        -0.0404      0.115     -0.353      0.724      -0.265       0.184
B*57:03        -0.3124      0.135     -2.321      0.020      -0.576      -0.049
C*08:03         0.4687      0.375      1.251      0.211      -0.266       1.203
B*14:01        -0.2599      0.191     -1.358      0.174      -0.635       0.115
B*57:02         0.0382      0.266      0.143      0.886      -0.484       0.560
C*18:01        -0.0406      0.259     -0.157      0.876      -0.548       0.467
B*47:01        -0.1793      0.137     -1.313      0.189      -0.447       0.088
DRB1*04:07      0.2006      0.123      1.633      0.103      -0.040       0.441
DRB1*12:02      0.0868      0.152      0.571      0.568      -0.211       0.385
A*02:06        -0.1625      0.168     -0.967      0.334      -0.492       0.167
DRB1*08:03     -0.2171      0.147     -1.481      0.139      -0.504       0.070
B*51:07         0.1334      0.144      0.929      0.353      -0.148       0.415
A*74:01        -0.1983      0.158     -1.259      0.208      -0.507       0.110
DRB1*11:02      0.0392      0.145      0.270      0.787      -0.246       0.324
A*34:02        -0.1791      0.161     -1.110      0.267      -0.495       0.137
C*08:01         0.6387      0.296      2.155      0.031       0.058       1.220
C*02:10         0.3096      0.155      1.998      0.046       0.006       0.613
B*42:01         0.2067      0.162      1.275      0.202      -0.111       0.525
DRB1*14:06      0.2347      0.158      1.481      0.139      -0.076       0.545
B*13:01        -0.0405      0.211     -0.191      0.848      -0.455       0.374
DQB1*04:01     -0.0005      0.167     -0.003      0.998      -0.329       0.328
B*15:16        -0.3373      0.215     -1.572      0.116      -0.758       0.083
B*15:10        -0.1163      0.201     -0.580      0.562      -0.510       0.277
B*39:10        -0.0708      0.199     -0.356      0.722      -0.460       0.319
A*02:03        -0.0749      0.228     -0.329      0.742      -0.521       0.371
A*80:01         0.1008      0.187      0.538      0.591      -0.266       0.468
B*37:02         0.2556      0.177      1.443      0.149      -0.092       0.603
C*04:03         0.0530      0.263      0.202      0.840      -0.462       0.569
B*38:02         0.3662      0.231      1.585      0.113      -0.087       0.819
B*15:18         0.0364      0.216      0.169      0.866      -0.386       0.459
A*74:03        -0.1349      0.250     -0.539      0.590      -0.626       0.356
B*15:24         0.0682      0.235      0.290      0.771      -0.392       0.528
B*27:12        -0.3073      0.255     -1.206      0.228      -0.807       0.192
DRB1*08:02      0.0297      0.254      0.117      0.907      -0.469       0.528
B*15:29        -0.1104      0.245     -0.451      0.652      -0.590       0.369
B*48:04        -0.7504      0.410     -1.829      0.067      -1.555       0.054
B*15:02        -0.8669      0.404     -2.145      0.032      -1.659      -0.075
-------------------------------------------------------------------------------
tag_level=2       coef    std err          z      P>|z|      [0.025      0.975]
-------------------------------------------------------------------------------
const          -4.2272      0.082    -51.373      0.000      -4.388      -4.066
MIN             0.2153      0.013     16.094      0.000       0.189       0.241
Age_BMI         0.1637      0.010     16.366      0.000       0.144       0.183
Birth_year     -0.2270      0.084     -2.696      0.007      -0.392      -0.062
Year_BMI        0.1222      0.083      1.469      0.142      -0.041       0.285
dapar_3gr       0.0382      0.007      5.543      0.000       0.025       0.052
Educ_GE11YN     0.0160      0.007      2.332      0.020       0.003       0.029
Eshkol_3gr      0.0957      0.007     14.234      0.000       0.083       0.109
Israeli         0.4102      0.024     17.168      0.000       0.363       0.457
DQB1*03:01      0.0446      0.030      1.475      0.140      -0.015       0.104
DQB1*02:01     -0.0223      0.037     -0.599      0.549      -0.095       0.051
C*04:01         0.0336      0.035      0.968      0.333      -0.034       0.102
DRB1*11:04      0.1586      0.036      4.354      0.000       0.087       0.230
DRB1*07:01      0.1671      0.042      3.941      0.000       0.084       0.250
A*01:01        -0.0303      0.028     -1.076      0.282      -0.085       0.025
C*12:03         0.0243      0.039      0.623      0.534      -0.052       0.101
DQB1*03:02      0.0211      0.039      0.536      0.592      -0.056       0.099
A*02:01        -0.0688      0.029     -2.410      0.016      -0.125      -0.013
C*07:01         0.0734      0.035      2.103      0.035       0.005       0.142
C*06:02         0.0661      0.040      1.652      0.099      -0.012       0.144
DQB1*05:01     -0.0309      0.056     -0.552      0.581      -0.141       0.079
A*24:02        -0.0097      0.029     -0.337      0.736      -0.066       0.047
B*38:01         0.1399      0.047      2.991      0.003       0.048       0.232
A*26:01        -0.0675      0.032     -2.118      0.034      -0.130      -0.005
DRB1*04:02      0.1423      0.047      3.019      0.003       0.050       0.235
DRB1*03:01      0.2415      0.044      5.513      0.000       0.156       0.327
C*08:02         0.0531      0.145      0.367      0.714      -0.231       0.337
B*14:02         0.0873      0.146      0.599      0.549      -0.198       0.373
DRB1*13:02     -0.0524      0.072     -0.728      0.467      -0.193       0.089
DRB1*01:02      0.0666      0.062      1.070      0.285      -0.055       0.189
A*03:02         0.0019      0.031      0.061      0.951      -0.059       0.063
B*18:01        -0.0819      0.043     -1.923      0.055      -0.165       0.002
B*35:08        -0.0881      0.044     -2.015      0.044      -0.174      -0.002
C*12:02         0.0164      0.062      0.265      0.791      -0.105       0.138
A*11:01         0.0191      0.032      0.602      0.547      -0.043       0.081
B*52:01         0.0324      0.070      0.466      0.642      -0.104       0.169
B*44:03         0.1233      0.042      2.922      0.003       0.041       0.206
DRB1*11:01      0.2365      0.038      6.245      0.000       0.162       0.311
A*03:01         0.0432      0.032      1.334      0.182      -0.020       0.107
C*17:01         0.1539      0.066      2.331      0.020       0.025       0.283
B*35:02         0.0002      0.046      0.005      0.996      -0.089       0.090
DQB1*06:03      0.0523      0.051      1.036      0.300      -0.047       0.151
B*13:02         0.0415      0.049      0.841      0.400      -0.055       0.138
C*07:02         0.0173      0.044      0.391      0.696      -0.070       0.104
DQB1*06:04      0.0721      0.073      0.988      0.323      -0.071       0.215
DQB1*06:01     -0.0736      0.085     -0.862      0.389      -0.241       0.094
B*35:01        -0.0251      0.045     -0.558      0.577      -0.113       0.063
DRB1*15:02      0.0327      0.089      0.367      0.714      -0.142       0.207
DQB1*05:03      0.1107      0.080      1.378      0.168      -0.047       0.268
B*08:01         0.0575      0.048      1.195      0.232      -0.037       0.152
DRB1*04:03     -0.0386      0.048     -0.798      0.425      -0.134       0.056
A*32:01         0.0494      0.034      1.456      0.145      -0.017       0.116
B*51:01        -0.0575      0.052     -1.115      0.265      -0.159       0.044
DRB1*14:01     -0.1116      0.082     -1.359      0.174      -0.273       0.049
B*41:01         0.0019      0.067      0.028      0.978      -0.130       0.134
DRB1*15:01      0.0301      0.077      0.389      0.697      -0.121       0.182
A*23:01         0.0108      0.036      0.305      0.761      -0.059       0.081
C*02:02         0.0109      0.050      0.216      0.829      -0.088       0.110
DRB1*13:01     -0.0656      0.061     -1.080      0.280      -0.185       0.053
A*30:01         0.0812      0.036      2.231      0.026       0.010       0.152
DQB1*06:02      0.0199      0.078      0.254      0.799      -0.134       0.174
B*49:01         0.0886      0.046      1.913      0.056      -0.002       0.179
DRB1*10:01      0.2181      0.062      3.525      0.000       0.097       0.339
B*50:01        -0.0036      0.052     -0.069      0.945      -0.106       0.099
A*33:01        -0.0495      0.039     -1.269      0.204      -0.126       0.027
B*44:02         0.0717      0.053      1.361      0.173      -0.032       0.175
A*29:01         0.0489      0.039      1.267      0.205      -0.027       0.125
B*07:02        -0.0446      0.054     -0.830      0.406      -0.150       0.061
A*68:02        -0.0772      0.038     -2.012      0.044      -0.152      -0.002
B*57:01         0.0157      0.054      0.290      0.772      -0.090       0.122
A*02:02        -0.1186      0.040     -2.939      0.003      -0.198      -0.040
A*02:05        -0.0576      0.041     -1.389      0.165      -0.139       0.024
C*15:02         0.1216      0.052      2.319      0.020       0.019       0.224
DQB1*05:02      0.0762      0.088      0.867      0.386      -0.096       0.249
DRB1*13:03      0.0126      0.046      0.272      0.786      -0.078       0.103
C*05:01         0.1726      0.049      3.549      0.000       0.077       0.268
C*15:05         0.1609      0.100      1.606      0.108      -0.035       0.357
A*30:02        -0.0669      0.043     -1.558      0.119      -0.151       0.017
B*15:17         0.0376      0.052      0.722      0.470      -0.065       0.140
B*55:01         0.0441      0.066      0.667      0.505      -0.086       0.174
B*58:01         0.1086      0.057      1.907      0.057      -0.003       0.220
C*01:02         0.0750      0.062      1.216      0.224      -0.046       0.196
DQB1*04:02      0.1809      0.069      2.630      0.009       0.046       0.316
DRB1*12:01      0.0995      0.047      2.101      0.036       0.007       0.192
C*16:04         0.0594      0.050      1.199      0.230      -0.038       0.157
DRB1*16:01     -0.0669      0.093     -0.718      0.473      -0.249       0.116
B*07:05        -0.0921      0.102     -0.908      0.364      -0.291       0.107
DRB1*13:05     -0.0170      0.052     -0.328      0.743      -0.119       0.085
B*41:02        -0.0062      0.077     -0.080      0.936      -0.158       0.146
A*68:01        -0.1847      0.047     -3.961      0.000      -0.276      -0.093
B*53:01        -0.0546      0.053     -1.025      0.305      -0.159       0.050
C*03:04        -0.1154      0.069     -1.667      0.096      -0.251       0.020
DQB1*02:02     -0.1850      0.055     -3.390      0.001      -0.292      -0.078
DQB1*06:09      0.0712      0.078      0.910      0.363      -0.082       0.225
DRB1*04:04      0.1083      0.060      1.795      0.073      -0.010       0.227
DRB1*04:05      0.2529      0.052      4.821      0.000       0.150       0.356
A*25:01         0.1475      0.048      3.089      0.002       0.054       0.241
C*03:03         0.0404      0.061      0.663      0.507      -0.079       0.160
DRB1*01:01      0.1114      0.071      1.577      0.115      -0.027       0.250
A*66:01        -0.0395      0.050     -0.787      0.431      -0.138       0.059
A*69:01        -0.0377      0.055     -0.692      0.489      -0.145       0.069
DQB1*03:03     -0.0378      0.059     -0.637      0.524      -0.154       0.079
B*40:01         0.1303      0.075      1.737      0.082      -0.017       0.277
DQB1*03:05      0.0045      0.058      0.078      0.938      -0.109       0.118
B*35:03        -0.0707      0.059     -1.190      0.234      -0.187       0.046
C*16:01         0.1536      0.055      2.779      0.005       0.045       0.262
C*16:02         0.0602      0.076      0.787      0.431      -0.090       0.210
C*14:02         0.1138      0.067      1.692      0.091      -0.018       0.246
A*29:02        -0.0762      0.055     -1.390      0.165      -0.184       0.031
A*31:01         0.1200      0.052      2.309      0.021       0.018       0.222
B*15:01         0.0326      0.065      0.502      0.616      -0.095       0.160
B*51:08        -0.1568      0.084     -1.861      0.063      -0.322       0.008
C*03:02         0.1081      0.069      1.558      0.119      -0.028       0.244
B*27:02         0.2259      0.071      3.193      0.001       0.087       0.364
DRB1*04:01      0.1097      0.062      1.774      0.076      -0.012       0.231
A*24:03         0.0622      0.057      1.089      0.276      -0.050       0.174
B*37:01        -0.1378      0.070     -1.976      0.048      -0.275      -0.001
C*07:04        -0.0648      0.074     -0.875      0.382      -0.210       0.080
DRB1*08:01     -0.1491      0.094     -1.579      0.114      -0.334       0.036
A*02:17         0.0488      0.062      0.784      0.433      -0.073       0.171
A*01:03        -0.1209      0.069     -1.744      0.081      -0.257       0.015
B*15:03         0.0710      0.074      0.959      0.337      -0.074       0.216
B*27:05         0.0473      0.081      0.587      0.557      -0.111       0.205
B*40:02        -0.0139      0.080     -0.175      0.861      -0.170       0.142
A*33:03         0.0984      0.068      1.444      0.149      -0.035       0.232
A*31:08         0.0467      0.070      0.670      0.503      -0.090       0.183
A*30:04        -0.0254      0.076     -0.335      0.737      -0.174       0.123
DRB1*14:04     -0.0957      0.100     -0.958      0.338      -0.292       0.100
B*39:01         0.0419      0.080      0.527      0.598      -0.114       0.198
DRB1*04:06     -0.3109      0.118     -2.632      0.008      -0.542      -0.079
DRB1*08:04     -0.1353      0.089     -1.525      0.127      -0.309       0.039
DQB1*03:04      0.1473      0.100      1.466      0.143      -0.050       0.344
DRB1*11:03      0.1228      0.084      1.470      0.142      -0.041       0.287
A*24:07         0.0264      0.080      0.330      0.741      -0.130       0.183
DRB1*09:01      0.2118      0.095      2.239      0.025       0.026       0.397
A*24:17         0.0594      0.080      0.743      0.457      -0.097       0.216
B*50:02         0.1597      0.110      1.458      0.145      -0.055       0.374
B*45:01         0.1032      0.088      1.166      0.244      -0.070       0.277
B*56:01        -0.1422      0.109     -1.302      0.193      -0.356       0.072
C*15:04         0.1761      0.092      1.921      0.055      -0.004       0.356
DRB1*15:03     -0.3454      0.149     -2.313      0.021      -0.638      -0.053
B*51:06         0.1421      0.094      1.506      0.132      -0.043       0.327
B*44:05         0.1355      0.102      1.328      0.184      -0.065       0.336
A*24:04        -0.0812      0.097     -0.837      0.403      -0.271       0.109
DRB1*16:02     -0.0420      0.129     -0.325      0.745      -0.295       0.211
DRB1*01:03      0.0274      0.104      0.265      0.791      -0.176       0.230
C*04:07        -0.0321      0.106     -0.304      0.761      -0.239       0.175
B*73:01        -0.3014      0.145     -2.077      0.038      -0.586      -0.017
B*39:06        -0.1262      0.123     -1.026      0.305      -0.367       0.115
B*48:01        -0.2310      0.403     -0.574      0.566      -1.020       0.558
DRB1*04:08      0.0850      0.130      0.654      0.513      -0.170       0.340
B*40:06         0.0580      0.116      0.498      0.619      -0.170       0.286
B*27:07         0.1820      0.104      1.742      0.081      -0.023       0.387
C*14:03         0.0198      0.106      0.186      0.853      -0.189       0.228
B*57:03         0.1181      0.111      1.066      0.287      -0.099       0.335
C*08:03         0.0978      0.423      0.231      0.817      -0.731       0.927
B*14:01        -0.0850      0.177     -0.481      0.631      -0.432       0.262
B*57:02        -0.0170      0.272     -0.063      0.950      -0.551       0.516
C*18:01        -0.2593      0.268     -0.967      0.334      -0.785       0.266
B*47:01         0.1813      0.116      1.566      0.117      -0.046       0.408
DRB1*04:07      0.2361      0.119      1.984      0.047       0.003       0.469
DRB1*12:02     -0.1699      0.166     -1.021      0.307      -0.496       0.156
A*02:06         0.1279      0.156      0.820      0.412      -0.178       0.434
DRB1*08:03      0.0797      0.129      0.618      0.537      -0.173       0.332
B*51:07         0.0541      0.140      0.387      0.699      -0.220       0.328
A*74:01         0.0557      0.133      0.420      0.675      -0.204       0.316
DRB1*11:02     -0.1120      0.148     -0.755      0.450      -0.402       0.179
A*34:02        -0.0857      0.147     -0.581      0.561      -0.375       0.203
C*08:01        -0.1937      0.376     -0.515      0.606      -0.930       0.543
C*02:10         0.3278      0.138      2.384      0.017       0.058       0.597
B*42:01         0.2544      0.151      1.684      0.092      -0.042       0.551
DRB1*14:06      0.1241      0.156      0.795      0.426      -0.182       0.430
B*13:01        -0.0169      0.213     -0.080      0.937      -0.435       0.401
DQB1*04:01     -0.2277      0.174     -1.312      0.189      -0.568       0.112
B*15:16        -0.0822      0.176     -0.466      0.641      -0.428       0.263
B*15:10        -0.1708      0.202     -0.846      0.397      -0.566       0.225
B*39:10        -0.0581      0.192     -0.303      0.762      -0.434       0.317
A*02:03        -0.6776      0.267     -2.536      0.011      -1.201      -0.154
A*80:01        -0.0275      0.186     -0.148      0.882      -0.392       0.337
B*37:02         0.1993      0.176      1.135      0.256      -0.145       0.543
C*04:03         0.3387      0.244      1.386      0.166      -0.140       0.818
B*38:02         0.4355      0.234      1.864      0.062      -0.023       0.894
B*15:18         0.6330      0.182      3.478      0.001       0.276       0.990
A*74:03        -0.1395      0.231     -0.604      0.546      -0.592       0.313
B*15:24         0.1536      0.220      0.699      0.485      -0.277       0.584
B*27:12        -0.2894      0.269     -1.078      0.281      -0.816       0.237
DRB1*08:02      0.3868      0.197      1.959      0.050      -0.000       0.774
B*15:29         0.4566      0.204      2.234      0.026       0.056       0.857
B*48:04         0.3968      0.470      0.845      0.398      -0.524       1.317
B*15:02         0.1751      0.462      0.379      0.704      -0.730       1.080
===============================================================================