                          MNLogit Regression Results                          
==============================================================================
Dep. Variable:              tag_level   No. Observations:               298598
Model:                        MNLogit   Df Residuals:                   298570
Method:                           MLE   Df Model:                           26
Date:                Wed, 05 Jan 2022   Pseudo R-squ.:                 0.01284
Time:                        18:57:32   Log-Likelihood:                -84727.
converged:                       True   LL-Null:                       -85829.
                                        LLR p-value:                     0.000
===============================================================================
tag_level=1       coef    std err          z      P>|z|      [0.025      0.975]
-------------------------------------------------------------------------------
const          -2.4945      0.035    -71.344      0.000      -2.563      -2.426
MIN            -0.3976      0.017    -23.699      0.000      -0.430      -0.365
Age_BMI         0.1677      0.011     14.672      0.000       0.145       0.190
Birth_year     -0.1937      0.102     -1.906      0.057      -0.393       0.005
Year_BMI        0.0862      0.100      0.861      0.389      -0.110       0.282
dapar_3gr       0.0348      0.008      4.381      0.000       0.019       0.050
Educ_GE11YN     0.0239      0.008      3.015      0.003       0.008       0.039
Eshkol_3gr      0.1262      0.008     15.891      0.000       0.111       0.142
Israeli         0.2827      0.026     10.687      0.000       0.231       0.335
A              -0.0340      0.029     -1.180      0.238      -0.090       0.022
B              -0.0499      0.043     -1.158      0.247      -0.134       0.035
C              -0.0404      0.031     -1.288      0.198      -0.102       0.021
DRB1           -0.1334      0.036     -3.669      0.000      -0.205      -0.062
DQB1            0.0748      0.026      2.854      0.004       0.023       0.126
-------------------------------------------------------------------------------
tag_level=2       coef    std err          z      P>|z|      [0.025      0.975]
-------------------------------------------------------------------------------
const          -3.8592      0.072    -53.527      0.000      -4.001      -3.718
MIN            -0.4126      0.035    -11.736      0.000      -0.482      -0.344
Age_BMI         0.1241      0.024      5.111      0.000       0.076       0.172
Birth_year     -0.1520      0.213     -0.715      0.475      -0.569       0.265
Year_BMI        0.1329      0.209      0.635      0.526      -0.278       0.544
dapar_3gr       0.1054      0.017      6.361      0.000       0.073       0.138
Educ_GE11YN     0.0536      0.019      2.871      0.004       0.017       0.090
Eshkol_3gr      0.1691      0.017     10.161      0.000       0.136       0.202
Israeli         0.1278      0.055      2.344      0.019       0.021       0.235
A              -0.1357      0.063     -2.156      0.031      -0.259      -0.012
B              -0.1062      0.090     -1.176      0.239      -0.283       0.071
C               0.0497      0.064      0.782      0.434      -0.075       0.174
DRB1           -0.1347      0.076     -1.762      0.078      -0.285       0.015
DQB1            0.0663      0.055      1.210      0.226      -0.041       0.174
===============================================================================