                          MNLogit Regression Results                          
==============================================================================
Dep. Variable:              tag_level   No. Observations:               298598
Model:                        MNLogit   Df Residuals:                   298218
Method:                           MLE   Df Model:                          378
Date:                Wed, 12 Jan 2022   Pseudo R-squ.:                 0.01760
Time:                        13:50:04   Log-Likelihood:                -84318.
converged:                      False   LL-Null:                       -85829.
                                        LLR p-value:                     0.000
===============================================================================
tag_level=1       coef    std err          z      P>|z|      [0.025      0.975]
-------------------------------------------------------------------------------
const          -2.8594      0.097    -29.387      0.000      -3.050      -2.669
MIN            -0.4008      0.017    -23.855      0.000      -0.434      -0.368
Age_BMI         0.1685      0.011     14.707      0.000       0.146       0.191
Birth_year     -0.1971      0.102     -1.937      0.053      -0.397       0.002
Year_BMI        0.0894      0.100      0.892      0.373      -0.107       0.286
dapar_3gr       0.0331      0.008      4.125      0.000       0.017       0.049
Educ_GE11YN     0.0241      0.008      3.040      0.002       0.009       0.040
Eshkol_3gr      0.1221      0.008     15.239      0.000       0.106       0.138
Israeli         0.2842      0.027     10.400      0.000       0.231       0.338
DQB1*03:01   8.172e-05      0.036      0.002      0.998      -0.071       0.072
DQB1*02:01      0.0058      0.049      0.120      0.905      -0.089       0.101
C*04:01         0.0253      0.042      0.608      0.543      -0.056       0.107
DRB1*11:04      0.1353      0.044      3.090      0.002       0.050       0.221
DRB1*07:01      0.1342      0.054      2.485      0.013       0.028       0.240
A*01:01         0.0094      0.034      0.276      0.782      -0.057       0.076
C*12:03         0.0112      0.047      0.239      0.811      -0.080       0.103
DQB1*03:02      0.0232      0.051      0.455      0.649      -0.077       0.123
A*02:01        -0.0068      0.034     -0.201      0.841      -0.074       0.060
C*07:01         0.0883      0.043      2.062      0.039       0.004       0.172
C*06:02         0.0735      0.050      1.473      0.141      -0.024       0.171
DQB1*05:01     -0.0505      0.072     -0.700      0.484      -0.192       0.091
A*24:02         0.0161      0.034      0.467      0.640      -0.051       0.084
B*38:01         0.1188      0.056      2.122      0.034       0.009       0.229
A*26:01         0.0117      0.037      0.314      0.753      -0.062       0.085
DRB1*04:02      0.1138      0.059      1.919      0.055      -0.002       0.230
DRB1*03:01      0.2294      0.056      4.061      0.000       0.119       0.340
C*08:02         0.2303      0.180      1.280      0.201      -0.122       0.583
B*14:02        -0.0995      0.182     -0.547      0.584      -0.456       0.257
DRB1*13:02      0.0743      0.097      0.763      0.445      -0.116       0.265
DRB1*01:02      0.0706      0.080      0.882      0.378      -0.086       0.228
A*03:02         0.0021      0.038      0.056      0.955      -0.071       0.076
B*18:01        -0.0191      0.051     -0.371      0.711      -0.120       0.082
B*35:08        -0.0064      0.053     -0.122      0.903      -0.109       0.097
C*12:02        -0.0027      0.070     -0.039      0.969      -0.140       0.135
A*11:01         0.0167      0.038      0.438      0.661      -0.058       0.091
B*52:01         0.0361      0.081      0.449      0.654      -0.122       0.194
B*44:03         0.1458      0.052      2.817      0.005       0.044       0.247
DRB1*11:01      0.2054      0.046      4.510      0.000       0.116       0.295
A*03:01         0.0749      0.039      1.914      0.056      -0.002       0.152
C*17:01         0.1410      0.080      1.756      0.079      -0.016       0.298
B*35:02         0.0025      0.054      0.047      0.963      -0.104       0.109
DQB1*06:03      0.0221      0.057      0.390      0.697      -0.089       0.133
B*13:02         0.0257      0.062      0.414      0.679      -0.096       0.147
C*07:02         0.0688      0.055      1.245      0.213      -0.040       0.177
DQB1*06:04     -0.0390      0.099     -0.395      0.693      -0.233       0.155
DQB1*06:01     -0.0295      0.118     -0.251      0.802      -0.260       0.201
B*35:01         0.0325      0.054      0.604      0.546      -0.073       0.138
DRB1*15:02     -0.0003      0.123     -0.002      0.998      -0.241       0.240
DQB1*05:03     -0.0084      0.103     -0.082      0.935      -0.211       0.194
B*08:01         0.0551      0.059      0.933      0.351      -0.061       0.171
DRB1*04:03      0.0009      0.062      0.014      0.989      -0.120       0.122
A*32:01         0.0691      0.041      1.670      0.095      -0.012       0.150
B*51:01         0.0160      0.064      0.251      0.802      -0.109       0.141
DRB1*14:01     -0.0645      0.105     -0.615      0.538      -0.270       0.141
B*41:01        -0.0223      0.081     -0.275      0.783      -0.181       0.136
DRB1*15:01     -0.0636      0.101     -0.630      0.528      -0.261       0.134
A*23:01         0.0031      0.044      0.071      0.943      -0.083       0.089
C*02:02        -0.0199      0.065     -0.304      0.761      -0.148       0.108
DRB1*13:01     -0.0405      0.070     -0.581      0.561      -0.177       0.096
A*30:01         0.0321      0.046      0.703      0.482      -0.057       0.122
DQB1*06:02      0.0627      0.103      0.609      0.542      -0.139       0.265
B*49:01         0.0587      0.059      0.991      0.322      -0.057       0.175
DRB1*10:01      0.1375      0.079      1.734      0.083      -0.018       0.293
B*50:01        -0.0221      0.065     -0.341      0.733      -0.149       0.105
A*33:01         0.0040      0.046      0.085      0.932      -0.087       0.095
B*44:02         0.0875      0.064      1.362      0.173      -0.038       0.213
A*29:01         0.0307      0.046      0.668      0.504      -0.059       0.121
B*07:02        -0.0448      0.066     -0.683      0.495      -0.173       0.084
A*68:02        -0.0421      0.046     -0.910      0.363      -0.133       0.049
B*57:01         0.0006      0.065      0.009      0.993      -0.128       0.129
A*02:02        -0.0703      0.053     -1.315      0.188      -0.175       0.034
A*02:05        -0.0086      0.048     -0.179      0.858      -0.103       0.086
C*15:02         0.1160      0.066      1.757      0.079      -0.013       0.246
DQB1*05:02     -0.0382      0.108     -0.353      0.724      -0.250       0.174
DRB1*13:03      0.1268      0.056      2.257      0.024       0.017       0.237
C*05:01         0.1528      0.057      2.692      0.007       0.042       0.264
C*15:05        -0.0069      0.129     -0.054      0.957      -0.259       0.245
A*30:02        -0.0690      0.053     -1.289      0.197      -0.174       0.036
B*15:17        -0.0097      0.068     -0.144      0.885      -0.142       0.123
B*55:01         0.1204      0.082      1.460      0.144      -0.041       0.282
B*58:01         0.0701      0.067      1.042      0.298      -0.062       0.202
C*01:02        -0.0903      0.075     -1.197      0.231      -0.238       0.058
DQB1*04:02      0.0898      0.088      1.021      0.307      -0.083       0.262
DRB1*12:01      0.0535      0.056      0.963      0.336      -0.055       0.163
C*16:04         0.0152      0.061      0.247      0.805      -0.105       0.136
DRB1*16:01      0.0215      0.115      0.187      0.852      -0.204       0.247
B*07:05         0.0806      0.129      0.623      0.533      -0.173       0.334
DRB1*13:05     -0.0035      0.060     -0.057      0.954      -0.122       0.115
B*41:02        -0.0444      0.094     -0.473      0.637      -0.228       0.140
A*68:01        -0.1062      0.057     -1.868      0.062      -0.218       0.005
B*53:01         0.0334      0.069      0.485      0.628      -0.102       0.168
C*03:04        -0.0591      0.086     -0.690      0.490      -0.227       0.109
DQB1*02:02     -0.0951      0.063     -1.513      0.130      -0.218       0.028
DQB1*06:09     -0.0688      0.102     -0.676      0.499      -0.268       0.131
DRB1*04:04      0.0744      0.077      0.966      0.334      -0.077       0.225
DRB1*04:05      0.1169      0.071      1.655      0.098      -0.022       0.255
A*25:01         0.1491      0.055      2.726      0.006       0.042       0.256
C*03:03        -0.0710      0.075     -0.946      0.344      -0.218       0.076
DRB1*01:01      0.0353      0.088      0.401      0.688      -0.137       0.208
A*66:01         0.0291      0.059      0.497      0.619      -0.086       0.144
A*69:01         0.0735      0.064      1.149      0.251      -0.052       0.199
DQB1*03:03      0.0087      0.068      0.127      0.899      -0.125       0.143
B*40:01         0.1081      0.094      1.145      0.252      -0.077       0.293
DQB1*03:05      0.0128      0.069      0.184      0.854      -0.123       0.149
B*35:03         0.0392      0.070      0.562      0.574      -0.097       0.176
C*16:01         0.0089      0.069      0.129      0.897      -0.126       0.144
C*16:02        -0.0309      0.098     -0.315      0.753      -0.223       0.161
C*14:02        -0.0087      0.086     -0.102      0.919      -0.177       0.159
A*29:02        -0.0287      0.066     -0.437      0.662      -0.158       0.100
A*31:01         0.0695      0.062      1.114      0.265      -0.053       0.192
B*15:01         0.1053      0.078      1.357      0.175      -0.047       0.257
B*51:08        -0.1007      0.113     -0.893      0.372      -0.322       0.120
C*03:02         0.0357      0.089      0.400      0.689      -0.139       0.211
B*27:02         0.2233      0.087      2.578      0.010       0.054       0.393
DRB1*04:01      0.1523      0.072      2.114      0.034       0.011       0.293
A*24:03        -0.0793      0.069     -1.152      0.249      -0.214       0.056
B*37:01        -0.1717      0.084     -2.046      0.041      -0.336      -0.007
C*07:04        -0.0578      0.089     -0.648      0.517      -0.233       0.117
DRB1*08:01      0.0027      0.114      0.024      0.981      -0.220       0.226
A*02:17        -0.0639      0.085     -0.750      0.453      -0.231       0.103
A*01:03         0.0024      0.096      0.025      0.980      -0.186       0.191
B*15:03         0.2397      0.108      2.215      0.027       0.028       0.452
B*27:05         0.0628      0.100      0.627      0.530      -0.133       0.259
B*40:02        -0.0965      0.095     -1.011      0.312      -0.284       0.091
A*33:03         0.1195      0.084      1.418      0.156      -0.046       0.285
A*31:08         0.0146      0.078      0.187      0.852      -0.139       0.168
A*30:04         0.0716      0.097      0.741      0.459      -0.118       0.261
DRB1*14:04     -0.2402      0.138     -1.746      0.081      -0.510       0.029
B*39:01         0.0640      0.091      0.701      0.483      -0.115       0.243
DRB1*04:06     -0.3179      0.163     -1.950      0.051      -0.637       0.002
DRB1*08:04     -0.0053      0.129     -0.041      0.967      -0.257       0.247
DQB1*03:04      0.1312      0.114      1.148      0.251      -0.093       0.355
DRB1*11:03      0.1584      0.095      1.669      0.095      -0.028       0.344
A*24:07        -0.0734      0.118     -0.620      0.535      -0.305       0.158
DRB1*09:01      0.0671      0.114      0.589      0.556      -0.156       0.290
A*24:17         0.1198      0.109      1.100      0.272      -0.094       0.333
B*50:02         0.2647      0.158      1.678      0.093      -0.044       0.574
B*45:01         0.0440      0.116      0.378      0.706      -0.184       0.272
B*56:01         0.0591      0.126      0.470      0.638      -0.187       0.306
C*15:04        -0.2267      0.122     -1.864      0.062      -0.465       0.012
DRB1*15:03     -0.5760      0.360     -1.598      0.110      -1.282       0.130
B*51:06         0.4623      0.118      3.930      0.000       0.232       0.693
B*44:05         0.1711      0.119      1.435      0.151      -0.063       0.405
A*24:04         0.0625      0.110      0.567      0.571      -0.153       0.278
DRB1*16:02      0.1669      0.153      1.093      0.274      -0.132       0.466
DRB1*01:03      0.1455      0.116      1.258      0.209      -0.081       0.372
C*04:07         0.3231      0.152      2.122      0.034       0.025       0.622
B*73:01         0.0431      0.182      0.237      0.812      -0.313       0.399
B*39:06        -0.2580      0.146     -1.773      0.076      -0.543       0.027
B*48:01        -0.4716      0.453     -1.041      0.298      -1.360       0.417
DRB1*04:08      0.0722      0.145      0.498      0.618      -0.212       0.356
B*40:06         0.1384      0.146      0.947      0.344      -0.148       0.425
B*27:07         0.1382      0.125      1.102      0.270      -0.108       0.384
C*14:03        -0.1322      0.149     -0.890      0.374      -0.424       0.159
B*57:03         0.0505      0.143      0.354      0.723      -0.229       0.330
C*08:03         0.2500      0.480      0.521      0.603      -0.691       1.191
B*14:01        -0.3787      0.226     -1.675      0.094      -0.822       0.064
B*57:02        -0.5069      0.656     -0.773      0.439      -1.792       0.778
C*18:01         0.5937      0.496      1.196      0.232      -0.379       1.567
B*47:01        -0.0018      0.165     -0.011      0.991      -0.325       0.322
DRB1*04:07      0.2717      0.136      1.995      0.046       0.005       0.539
DRB1*12:02     -0.2745      0.209     -1.311      0.190      -0.685       0.136
A*02:06         0.0588      0.188      0.313      0.754      -0.309       0.427
DRB1*08:03      0.1352      0.150      0.901      0.368      -0.159       0.429
B*51:07         0.0275      0.179      0.154      0.878      -0.323       0.378
A*74:01         0.3181      0.232      1.372      0.170      -0.136       0.772
DRB1*11:02      0.1464      0.176      0.830      0.407      -0.199       0.492
A*34:02        -0.0586      0.193     -0.304      0.761      -0.437       0.320
C*08:01         0.5082      0.453      1.122      0.262      -0.379       1.395
C*02:10         0.1819      0.168      1.086      0.278      -0.146       0.510
B*42:01         0.1760      0.208      0.847      0.397      -0.231       0.583
DRB1*14:06      0.3980      0.186      2.145      0.032       0.034       0.762
B*13:01        -0.0069      0.309     -0.022      0.982      -0.612       0.599
DQB1*04:01     -0.1396      0.284     -0.492      0.623      -0.696       0.417
B*15:16        -0.2449      0.220     -1.112      0.266      -0.677       0.187
B*15:10        -0.0418      0.270     -0.155      0.877      -0.570       0.486
B*39:10         0.2310      0.277      0.835      0.404      -0.311       0.773
A*02:03        -1.2396      0.450     -2.752      0.006      -2.123      -0.357
A*80:01         0.2186      0.197      1.109      0.267      -0.168       0.605
B*37:02         0.3236      0.233      1.387      0.165      -0.134       0.781
C*04:03         0.0889      0.401      0.222      0.824      -0.697       0.874
B*38:02         0.9238      0.297      3.108      0.002       0.341       1.506
B*15:18         0.6441      0.215      2.997      0.003       0.223       1.065
A*74:03       -10.5291    159.117     -0.066      0.947    -322.393     301.334
B*15:24        -0.4246      0.350     -1.215      0.225      -1.110       0.261
B*27:12        -0.0663      0.318     -0.208      0.835      -0.690       0.557
DRB1*08:02      0.4059      0.281      1.444      0.149      -0.145       0.957
B*15:29        -0.1145      0.378     -0.303      0.762      -0.855       0.626
B*48:04         0.0534      0.611      0.087      0.930      -1.144       1.251
B*15:02        -0.4450      0.620     -0.718      0.473      -1.660       0.770
-------------------------------------------------------------------------------
tag_level=2       coef    std err          z      P>|z|      [0.025      0.975]
-------------------------------------------------------------------------------
const          -4.4455      0.209    -21.314      0.000      -4.854      -4.037
MIN            -0.4160      0.035    -11.817      0.000      -0.485      -0.347
Age_BMI         0.1262      0.024      5.190      0.000       0.079       0.174
Birth_year     -0.1635      0.213     -0.768      0.443      -0.581       0.254
Year_BMI        0.1442      0.210      0.687      0.492      -0.267       0.555
dapar_3gr       0.1000      0.017      5.977      0.000       0.067       0.133
Educ_GE11YN     0.0534      0.019      2.853      0.004       0.017       0.090
Eshkol_3gr      0.1628      0.017      9.699      0.000       0.130       0.196
Israeli         0.1398      0.056      2.485      0.013       0.030       0.250
DQB1*03:01      0.1404      0.076      1.840      0.066      -0.009       0.290
DQB1*02:01     -0.2785      0.102     -2.724      0.006      -0.479      -0.078
C*04:01        -0.1876      0.086     -2.180      0.029      -0.356      -0.019
DRB1*11:04      0.0146      0.092      0.159      0.874      -0.166       0.195
DRB1*07:01      0.3460      0.113      3.049      0.002       0.124       0.568
A*01:01         0.0895      0.074      1.211      0.226      -0.055       0.234
C*12:03        -0.0554      0.097     -0.573      0.566      -0.245       0.134
DQB1*03:02      0.1924      0.108      1.777      0.076      -0.020       0.405
A*02:01         0.0592      0.074      0.798      0.425      -0.086       0.205
C*07:01        -0.0920      0.089     -1.034      0.301      -0.266       0.082
C*06:02         0.0170      0.102      0.167      0.868      -0.183       0.217
DQB1*05:01     -0.0668      0.149     -0.448      0.654      -0.359       0.226
A*24:02         0.1089      0.075      1.459      0.144      -0.037       0.255
B*38:01         0.2637      0.117      2.246      0.025       0.034       0.494
A*26:01         0.0179      0.081      0.221      0.825      -0.141       0.177
DRB1*04:02     -0.0285      0.126     -0.226      0.821      -0.275       0.218
DRB1*03:01      0.5024      0.118      4.261      0.000       0.271       0.733
C*08:02         0.2880      0.372      0.774      0.439      -0.441       1.017
B*14:02        -0.0937      0.377     -0.249      0.804      -0.832       0.645
DRB1*13:02     -0.1501      0.218     -0.687      0.492      -0.578       0.278
DRB1*01:02      0.1006      0.165      0.608      0.543      -0.224       0.425
A*03:02         0.2143      0.080      2.684      0.007       0.058       0.371
B*18:01         0.0184      0.108      0.169      0.866      -0.194       0.231
B*35:08         0.0370      0.112      0.331      0.741      -0.182       0.256
C*12:02        -0.0758      0.149     -0.509      0.611      -0.368       0.216
A*11:01         0.1037      0.083      1.250      0.211      -0.059       0.266
B*52:01        -0.0048      0.173     -0.028      0.978      -0.345       0.335
B*44:03         0.2948      0.109      2.710      0.007       0.082       0.508
DRB1*11:01      0.2447      0.094      2.597      0.009       0.060       0.429
A*03:01         0.1072      0.084      1.269      0.204      -0.058       0.273
C*17:01        -0.0142      0.165     -0.086      0.931      -0.338       0.309
B*35:02         0.3036      0.113      2.682      0.007       0.082       0.525
DQB1*06:03     -0.0083      0.121     -0.069      0.945      -0.245       0.229
B*13:02         0.1754      0.129      1.356      0.175      -0.078       0.429
C*07:02        -0.0972      0.117     -0.831      0.406      -0.326       0.132
DQB1*06:04      0.0997      0.222      0.450      0.653      -0.335       0.534
DQB1*06:01      0.0950      0.268      0.354      0.723      -0.431       0.621
B*35:01         0.2120      0.112      1.887      0.059      -0.008       0.432
DRB1*15:02     -0.1244      0.280     -0.444      0.657      -0.673       0.424
DQB1*05:03      0.2359      0.226      1.041      0.298      -0.208       0.680
B*08:01         0.0576      0.126      0.455      0.649      -0.190       0.305
DRB1*04:03     -0.1915      0.133     -1.445      0.149      -0.451       0.068
A*32:01         0.1375      0.090      1.533      0.125      -0.038       0.313
B*51:01        -0.1369      0.139     -0.985      0.325      -0.409       0.135
DRB1*14:01     -0.3472      0.230     -1.508      0.131      -0.798       0.104
B*41:01         0.2418      0.168      1.439      0.150      -0.087       0.571
DRB1*15:01      0.2542      0.198      1.284      0.199      -0.134       0.642
A*23:01         0.1296      0.094      1.386      0.166      -0.054       0.313
C*02:02        -0.1319      0.136     -0.972      0.331      -0.398       0.134
DRB1*13:01      0.1032      0.146      0.707      0.479      -0.183       0.389
A*30:01         0.2000      0.096      2.081      0.037       0.012       0.388
DQB1*06:02     -0.2325      0.204     -1.139      0.255      -0.633       0.168
B*49:01         0.2502      0.123      2.032      0.042       0.009       0.492
DRB1*10:01      0.3054      0.162      1.880      0.060      -0.013       0.624
B*50:01         0.1684      0.134      1.252      0.210      -0.095       0.432
A*33:01         0.0927      0.098      0.945      0.345      -0.100       0.285
B*44:02         0.1361      0.135      1.008      0.313      -0.128       0.401
A*29:01         0.2496      0.096      2.597      0.009       0.061       0.438
B*07:02        -0.0119      0.140     -0.085      0.932      -0.286       0.262
A*68:02         0.1210      0.097      1.248      0.212      -0.069       0.311
B*57:01         0.0295      0.137      0.215      0.830      -0.240       0.299
A*02:02         0.0433      0.115      0.376      0.707      -0.182       0.269
A*02:05        -0.1945      0.109     -1.789      0.074      -0.408       0.019
C*15:02         0.1951      0.139      1.401      0.161      -0.078       0.468
DQB1*05:02     -0.0526      0.226     -0.233      0.816      -0.496       0.390
DRB1*13:03      0.0898      0.119      0.758      0.449      -0.142       0.322
C*05:01        -0.0345      0.119     -0.290      0.772      -0.268       0.199
C*15:05         0.1199      0.275      0.437      0.662      -0.418       0.658
A*30:02         0.2023      0.110      1.831      0.067      -0.014       0.419
B*15:17         0.2722      0.140      1.939      0.052      -0.003       0.547
B*55:01         0.2078      0.173      1.203      0.229      -0.131       0.546
B*58:01         0.3525      0.141      2.508      0.012       0.077       0.628
C*01:02        -0.2194      0.156     -1.406      0.160      -0.525       0.086
DQB1*04:02      0.0617      0.187      0.330      0.742      -0.305       0.428
DRB1*12:01      0.0214      0.116      0.184      0.854      -0.206       0.249
C*16:04        -0.1117      0.128     -0.873      0.383      -0.362       0.139
DRB1*16:01      0.3056      0.237      1.290      0.197      -0.159       0.770
B*07:05        -0.1771      0.280     -0.632      0.528      -0.727       0.372
DRB1*13:05     -0.0452      0.126     -0.358      0.720      -0.293       0.202
B*41:02        -0.0287      0.196     -0.147      0.884      -0.412       0.355
A*68:01         0.1675      0.112      1.500      0.134      -0.051       0.386
B*53:01        -0.2075      0.158     -1.310      0.190      -0.518       0.103
C*03:04        -0.1812      0.179     -1.011      0.312      -0.533       0.170
DQB1*02:02     -0.4412      0.134     -3.289      0.001      -0.704      -0.178
DQB1*06:09      0.0890      0.227      0.392      0.695      -0.356       0.534
DRB1*04:04      0.0562      0.161      0.349      0.727      -0.259       0.372
DRB1*04:05      0.0918      0.152      0.606      0.545      -0.205       0.389
A*25:01         0.3715      0.112      3.315      0.001       0.152       0.591
C*03:03        -0.2501      0.155     -1.610      0.108      -0.555       0.054
DRB1*01:01      0.1024      0.181      0.565      0.572      -0.253       0.458
A*66:01         0.1670      0.122      1.372      0.170      -0.072       0.405
A*69:01         0.1519      0.136      1.114      0.265      -0.115       0.419
DQB1*03:03     -0.1182      0.142     -0.829      0.407      -0.397       0.161
B*40:01         0.0796      0.202      0.393      0.694      -0.317       0.476
DQB1*03:05      0.1693      0.147      1.152      0.249      -0.119       0.457
B*35:03         0.2191      0.145      1.515      0.130      -0.064       0.503
C*16:01        -0.0952      0.142     -0.668      0.504      -0.374       0.184
C*16:02         0.1234      0.213      0.581      0.561      -0.293       0.540
C*14:02         0.1239      0.181      0.683      0.495      -0.232       0.480
A*29:02         0.2260      0.131      1.726      0.084      -0.031       0.483
A*31:01         0.1292      0.132      0.980      0.327      -0.129       0.388
B*15:01         0.3268      0.158      2.067      0.039       0.017       0.637
B*51:08        -0.5974      0.260     -2.302      0.021      -1.106      -0.089
C*03:02        -0.4365      0.193     -2.258      0.024      -0.815      -0.058
B*27:02         0.3560      0.177      2.013      0.044       0.009       0.703
DRB1*04:01      0.0520      0.152      0.341      0.733      -0.247       0.351
A*24:03         0.2133      0.135      1.585      0.113      -0.050       0.477
B*37:01        -0.0527      0.172     -0.307      0.759      -0.390       0.284
C*07:04        -0.0369      0.173     -0.214      0.831      -0.376       0.302
DRB1*08:01      0.0278      0.243      0.115      0.909      -0.448       0.503
A*02:17         0.5569      0.146      3.813      0.000       0.271       0.843
A*01:03         0.1397      0.207      0.675      0.500      -0.266       0.545
B*15:03         0.0699      0.256      0.273      0.785      -0.432       0.571
B*27:05         0.4557      0.194      2.348      0.019       0.075       0.836
B*40:02         0.0536      0.193      0.277      0.781      -0.325       0.433
A*33:03         0.3674      0.166      2.215      0.027       0.042       0.692
A*31:08         0.1505      0.166      0.909      0.363      -0.174       0.475
A*30:04         0.2812      0.198      1.420      0.156      -0.107       0.669
DRB1*14:04     -0.6047      0.320     -1.890      0.059      -1.232       0.022
B*39:01         0.3008      0.180      1.673      0.094      -0.052       0.653
DRB1*04:06     -0.4031      0.367     -1.098      0.272      -1.123       0.317
DRB1*08:04     -0.5640      0.343     -1.642      0.101      -1.237       0.109
DQB1*03:04      0.3802      0.227      1.675      0.094      -0.065       0.825
DRB1*11:03      0.2238      0.190      1.179      0.238      -0.148       0.596
A*24:07        -0.2598      0.278     -0.933      0.351      -0.805       0.286
DRB1*09:01      0.1003      0.248      0.405      0.686      -0.386       0.586
A*24:17         0.1819      0.245      0.744      0.457      -0.298       0.661
B*50:02        -0.0256      0.387     -0.066      0.947      -0.784       0.733
B*45:01         0.1561      0.237      0.660      0.509      -0.307       0.620
B*56:01         0.1212      0.265      0.458      0.647      -0.397       0.640
C*15:04         0.1240      0.229      0.543      0.587      -0.324       0.572
DRB1*15:03      0.1387      0.729      0.190      0.849      -1.291       1.568
B*51:06         0.0366      0.264      0.139      0.890      -0.481       0.554
B*44:05         0.1242      0.252      0.492      0.623      -0.370       0.619
A*24:04         0.2812      0.218      1.289      0.197      -0.146       0.709
DRB1*16:02     -0.0167      0.342     -0.049      0.961      -0.687       0.654
DRB1*01:03      0.0317      0.244      0.130      0.897      -0.447       0.511
C*04:07        -0.0818      0.379     -0.216      0.829      -0.825       0.661
B*73:01        -0.6387      0.437     -1.461      0.144      -1.496       0.218
B*39:06        -0.1344      0.308     -0.436      0.663      -0.738       0.469
B*48:01         0.2277      0.958      0.238      0.812      -1.651       2.106
DRB1*04:08     -0.3214      0.309     -1.040      0.298      -0.927       0.284
B*40:06        -0.1358      0.333     -0.408      0.683      -0.788       0.517
B*27:07         0.2848      0.239      1.191      0.234      -0.184       0.754
C*14:03         0.0327      0.280      0.117      0.907      -0.516       0.582
B*57:03         0.3274      0.271      1.209      0.227      -0.203       0.858
C*08:03         0.1685      0.995      0.169      0.866      -1.782       2.119
B*14:01        -0.2244      0.454     -0.494      0.621      -1.114       0.666
B*57:02       -14.8360   4831.138     -0.003      0.998   -9483.693    9454.021
C*18:01        -6.3685     33.350     -0.191      0.849     -71.734      58.997
B*47:01         0.1645      0.324      0.507      0.612      -0.471       0.800
DRB1*04:07      0.1298      0.303      0.428      0.669      -0.465       0.724
DRB1*12:02      0.5483      0.311      1.762      0.078      -0.062       1.158
A*02:06        -0.4839      0.398     -1.216      0.224      -1.264       0.296
DRB1*08:03     -1.6247      0.713     -2.277      0.023      -3.023      -0.226
B*51:07        -0.0368      0.370     -0.100      0.921      -0.762       0.688
A*74:01         0.0257      0.607      0.042      0.966      -1.164       1.216
DRB1*11:02      0.0825      0.370      0.223      0.823      -0.642       0.807
A*34:02       -14.5724    621.919     -0.023      0.981   -1233.511    1204.366
C*08:01        -2.2544      1.692     -1.332      0.183      -5.572       1.063
C*02:10         0.2187      0.369      0.593      0.553      -0.504       0.942
B*42:01         0.1972      0.479      0.411      0.681      -0.742       1.137
DRB1*14:06     -0.3319      0.594     -0.559      0.576      -1.495       0.832
B*13:01         0.0406      0.571      0.071      0.943      -1.079       1.161
DQB1*04:01      0.3144      0.523      0.602      0.547      -0.710       1.339
B*15:16         0.1117      0.388      0.288      0.773      -0.648       0.871
B*15:10        -1.1958      1.015     -1.178      0.239      -3.186       0.794
B*39:10        -0.7231      1.012     -0.714      0.475      -2.707       1.261
A*02:03        -0.7118      1.034     -0.688      0.491      -2.739       1.315
A*80:01        -0.0557      0.510     -0.109      0.913      -1.055       0.943
B*37:02         0.2986      0.476      0.628      0.530      -0.633       1.231
C*04:03         0.8694      0.620      1.402      0.161      -0.346       2.085
B*38:02       -12.4278    468.765     -0.027      0.979    -931.190     906.335
B*15:18         0.1927      0.492      0.392      0.695      -0.771       1.157
A*74:03         1.9763      0.747      2.647      0.008       0.513       3.439
B*15:24         0.0699      0.608      0.115      0.908      -1.122       1.261
B*27:12         0.5561      0.530      1.050      0.294      -0.482       1.594
DRB1*08:02      0.6291      0.551      1.141      0.254      -0.451       1.710
B*15:29        -0.3458      0.743     -0.466      0.641      -1.801       1.110
B*48:04         1.2967      1.897      0.683      0.494      -2.422       5.015
B*15:02         2.2967      1.737      1.322      0.186      -1.109       5.702
===============================================================================