                          MNLogit Regression Results                          
==============================================================================
Dep. Variable:              tag_level   No. Observations:               623723
Model:                        MNLogit   Df Residuals:                   623343
Method:                           MLE   Df Model:                          378
Date:                Wed, 12 Jan 2022   Pseudo R-squ.:                 0.01723
Time:                        13:48:07   Log-Likelihood:            -1.8152e+05
converged:                       True   LL-Null:                   -1.8470e+05
                                        LLR p-value:                     0.000
===============================================================================
tag_level=1       coef    std err          z      P>|z|      [0.025      0.975]
-------------------------------------------------------------------------------
const          -2.8256      0.065    -43.603      0.000      -2.953      -2.699
MIN            -0.3695      0.011    -32.991      0.000      -0.391      -0.348
Age_BMI         0.1803      0.008     22.724      0.000       0.165       0.196
Birth_year     -0.2776      0.068     -4.061      0.000      -0.412      -0.144
Year_BMI        0.1581      0.068      2.341      0.019       0.026       0.290
dapar_3gr       0.0326      0.005      6.002      0.000       0.022       0.043
Educ_GE11YN     0.0197      0.005      3.767      0.000       0.009       0.030
Eshkol_3gr      0.1076      0.005     20.091      0.000       0.097       0.118
Israeli         0.4169      0.019     21.928      0.000       0.380       0.454
DQB1*03:01      0.0498      0.024      2.050      0.040       0.002       0.098
DQB1*02:01     -0.0037      0.030     -0.123      0.902      -0.062       0.055
C*04:01         0.0300      0.027      1.092      0.275      -0.024       0.084
DRB1*11:04      0.1015      0.029      3.485      0.000       0.044       0.159
DRB1*07:01      0.1173      0.034      3.463      0.001       0.051       0.184
A*01:01        -0.0047      0.023     -0.208      0.836      -0.049       0.039
C*12:03         0.0071      0.031      0.229      0.819      -0.054       0.068
DQB1*03:02      0.0022      0.032      0.070      0.944      -0.060       0.064
A*02:01        -0.0373      0.023     -1.633      0.103      -0.082       0.007
C*07:01         0.0457      0.028      1.652      0.099      -0.009       0.100
C*06:02         0.0319      0.032      1.003      0.316      -0.030       0.094
DQB1*05:01      0.0122      0.045      0.272      0.786      -0.076       0.100
A*24:02         0.0071      0.023      0.310      0.756      -0.038       0.052
B*38:01         0.0520      0.037      1.396      0.163      -0.021       0.125
A*26:01        -0.0161      0.026     -0.631      0.528      -0.066       0.034
DRB1*04:02      0.1309      0.038      3.484      0.000       0.057       0.205
DRB1*03:01      0.2035      0.035      5.811      0.000       0.135       0.272
C*08:02         0.0202      0.116      0.174      0.861      -0.207       0.247
B*14:02         0.0607      0.117      0.521      0.603      -0.168       0.289
DRB1*13:02     -0.0516      0.057     -0.908      0.364      -0.163       0.060
DRB1*01:02     -0.0196      0.050     -0.393      0.695      -0.118       0.078
A*03:02         0.0003      0.025      0.014      0.989      -0.049       0.049
B*18:01        -0.0673      0.034     -1.997      0.046      -0.133      -0.001
B*35:08        -0.1038      0.035     -3.007      0.003      -0.171      -0.036
C*12:02         0.0070      0.050      0.141      0.888      -0.090       0.104
A*11:01         0.0224      0.025      0.883      0.377      -0.027       0.072
B*52:01        -0.0044      0.056     -0.079      0.937      -0.113       0.105
B*44:03         0.0906      0.033      2.708      0.007       0.025       0.156
DRB1*11:01      0.1556      0.031      5.098      0.000       0.096       0.215
A*03:01         0.0418      0.026      1.608      0.108      -0.009       0.093
C*17:01         0.0732      0.053      1.392      0.164      -0.030       0.176
B*35:02        -0.0394      0.036     -1.083      0.279      -0.111       0.032
DQB1*06:03      0.0377      0.041      0.924      0.356      -0.042       0.118
B*13:02         0.0563      0.039      1.436      0.151      -0.021       0.133
C*07:02         0.0073      0.035      0.209      0.834      -0.061       0.076
DQB1*06:04      0.0855      0.058      1.484      0.138      -0.027       0.198
DQB1*06:01     -0.0317      0.067     -0.471      0.638      -0.164       0.100
B*35:01        -0.0382      0.036     -1.072      0.284      -0.108       0.032
DRB1*15:02     -0.0180      0.070     -0.256      0.798      -0.156       0.120
DQB1*05:03      0.0673      0.063      1.064      0.287      -0.057       0.191
B*08:01         0.0413      0.038      1.081      0.280      -0.034       0.116
DRB1*04:03     -0.0095      0.038     -0.248      0.804      -0.085       0.065
A*32:01         0.0592      0.027      2.177      0.029       0.006       0.112
B*51:01        -0.0407      0.041     -0.997      0.319      -0.121       0.039
DRB1*14:01     -0.0859      0.065     -1.327      0.184      -0.213       0.041
B*41:01        -0.0009      0.053     -0.017      0.986      -0.106       0.104
DRB1*15:01     -0.0321      0.062     -0.515      0.606      -0.154       0.090
A*23:01         0.0182      0.029      0.637      0.524      -0.038       0.074
C*02:02         0.0337      0.040      0.844      0.399      -0.045       0.112
DRB1*13:01     -0.0423      0.049     -0.870      0.384      -0.138       0.053
A*30:01         0.0325      0.030      1.103      0.270      -0.025       0.090
DQB1*06:02      0.0714      0.063      1.132      0.257      -0.052       0.195
B*49:01         0.0361      0.037      0.977      0.328      -0.036       0.109
DRB1*10:01      0.1508      0.050      3.034      0.002       0.053       0.248
B*50:01        -0.0563      0.042     -1.347      0.178      -0.138       0.026
A*33:01        -0.0015      0.031     -0.047      0.963      -0.062       0.059
B*44:02         0.0489      0.042      1.162      0.245      -0.034       0.131
A*29:01         0.0225      0.031      0.719      0.472      -0.039       0.084
B*07:02        -0.0393      0.043     -0.924      0.355      -0.123       0.044
A*68:02        -0.0816      0.031     -2.645      0.008      -0.142      -0.021
B*57:01         0.0298      0.043      0.697      0.486      -0.054       0.114
A*02:02        -0.0846      0.032     -2.646      0.008      -0.147      -0.022
A*02:05        -0.0184      0.033     -0.557      0.578      -0.083       0.046
C*15:02         0.1042      0.042      2.502      0.012       0.023       0.186
DQB1*05:02      0.0209      0.070      0.300      0.764      -0.116       0.158
DRB1*13:03      0.0178      0.037      0.484      0.628      -0.054       0.090
C*05:01         0.1188      0.039      3.046      0.002       0.042       0.195
C*15:05         0.0587      0.079      0.739      0.460      -0.097       0.214
A*30:02        -0.0427      0.034     -1.249      0.212      -0.110       0.024
B*15:17         0.0120      0.041      0.291      0.771      -0.069       0.093
B*55:01         0.0003      0.053      0.005      0.996      -0.104       0.104
B*58:01         0.1272      0.045      2.827      0.005       0.039       0.215
C*01:02         0.0204      0.050      0.410      0.682      -0.077       0.118
DQB1*04:02      0.0507      0.056      0.903      0.366      -0.059       0.161
DRB1*12:01      0.0830      0.038      2.204      0.028       0.009       0.157
C*16:04         0.0069      0.040      0.174      0.862      -0.071       0.085
DRB1*16:01     -0.0396      0.074     -0.537      0.591      -0.184       0.105
B*07:05        -0.0199      0.080     -0.248      0.804      -0.177       0.137
DRB1*13:05     -0.0464      0.041     -1.123      0.261      -0.127       0.035
B*41:02         0.0017      0.062      0.028      0.977      -0.120       0.123
A*68:01        -0.1228      0.037     -3.328      0.001      -0.195      -0.050
B*53:01        -0.0272      0.042     -0.653      0.514      -0.109       0.055
C*03:04        -0.0531      0.055     -0.969      0.333      -0.161       0.054
DQB1*02:02     -0.1205      0.043     -2.786      0.005      -0.205      -0.036
DQB1*06:09      0.0390      0.062      0.628      0.530      -0.083       0.161
DRB1*04:04      0.1181      0.048      2.451      0.014       0.024       0.212
DRB1*04:05      0.1725      0.042      4.069      0.000       0.089       0.256
A*25:01         0.0931      0.039      2.396      0.017       0.017       0.169
C*03:03         0.0014      0.049      0.029      0.977      -0.094       0.097
DRB1*01:01      0.0255      0.057      0.448      0.654      -0.086       0.137
A*66:01        -0.0126      0.041     -0.311      0.756      -0.092       0.067
A*69:01         0.0241      0.043      0.558      0.577      -0.061       0.109
DQB1*03:03     -0.0164      0.047     -0.346      0.729      -0.109       0.077
B*40:01         0.0465      0.060      0.776      0.438      -0.071       0.164
DQB1*03:05     -0.0065      0.046     -0.141      0.888      -0.096       0.084
B*35:03        -0.0861      0.047     -1.830      0.067      -0.178       0.006
C*16:01         0.0600      0.045      1.333      0.182      -0.028       0.148
C*16:02         0.0296      0.060      0.492      0.623      -0.088       0.147
C*14:02         0.0608      0.053      1.137      0.255      -0.044       0.166
A*29:02        -0.0481      0.044     -1.092      0.275      -0.134       0.038
A*31:01         0.0847      0.042      2.001      0.045       0.002       0.168
B*15:01         0.0204      0.051      0.397      0.692      -0.080       0.121
B*51:08        -0.1493      0.066     -2.246      0.025      -0.280      -0.019
C*03:02         0.0478      0.055      0.867      0.386      -0.060       0.156
B*27:02         0.1299      0.057      2.283      0.022       0.018       0.241
DRB1*04:01      0.1089      0.049      2.209      0.027       0.012       0.206
A*24:03         0.0096      0.047      0.207      0.836      -0.082       0.101
B*37:01        -0.1297      0.055     -2.341      0.019      -0.238      -0.021
C*07:04        -0.0125      0.058     -0.218      0.827      -0.125       0.100
DRB1*08:01      0.0411      0.075      0.548      0.584      -0.106       0.188
A*02:17        -0.0057      0.051     -0.111      0.912      -0.106       0.095
A*01:03        -0.0470      0.054     -0.878      0.380      -0.152       0.058
B*15:03         0.0109      0.060      0.183      0.855      -0.107       0.128
B*27:05        -0.0375      0.065     -0.577      0.564      -0.165       0.090
B*40:02        -0.1190      0.065     -1.835      0.066      -0.246       0.008
A*33:03         0.0848      0.055      1.536      0.124      -0.023       0.193
A*31:08         0.0416      0.056      0.741      0.459      -0.069       0.152
A*30:04         0.0276      0.060      0.463      0.644      -0.089       0.145
DRB1*14:04     -0.0537      0.078     -0.688      0.491      -0.207       0.099
B*39:01         0.0382      0.063      0.604      0.546      -0.086       0.162
DRB1*04:06     -0.1357      0.094     -1.451      0.147      -0.319       0.048
DRB1*08:04     -0.0872      0.070     -1.241      0.215      -0.225       0.051
DQB1*03:04      0.0817      0.082      0.996      0.319      -0.079       0.243
DRB1*11:03      0.1325      0.067      1.986      0.047       0.002       0.263
A*24:07         0.1135      0.061      1.847      0.065      -0.007       0.234
DRB1*09:01      0.1529      0.076      2.023      0.043       0.005       0.301
A*24:17         0.0978      0.062      1.578      0.114      -0.024       0.219
B*50:02         0.1101      0.087      1.264      0.206      -0.061       0.281
B*45:01         0.1095      0.071      1.551      0.121      -0.029       0.248
B*56:01        -0.1422      0.088     -1.620      0.105      -0.314       0.030
C*15:04        -0.0099      0.076     -0.131      0.896      -0.159       0.139
DRB1*15:03     -0.3961      0.116     -3.409      0.001      -0.624      -0.168
B*51:06         0.2052      0.073      2.802      0.005       0.062       0.349
B*44:05         0.0430      0.083      0.519      0.604      -0.119       0.205
A*24:04         0.0420      0.075      0.561      0.575      -0.105       0.189
DRB1*16:02      0.0372      0.101      0.369      0.712      -0.160       0.235
DRB1*01:03      0.0479      0.081      0.589      0.556      -0.112       0.207
C*04:07         0.0337      0.080      0.420      0.674      -0.124       0.191
B*73:01        -0.2130      0.115     -1.851      0.064      -0.439       0.013
B*39:06        -0.2472      0.099     -2.490      0.013      -0.442      -0.053
B*48:01        -0.2784      0.300     -0.929      0.353      -0.866       0.309
DRB1*04:08      0.0229      0.107      0.215      0.830      -0.186       0.232
B*40:06        -0.0136      0.094     -0.146      0.884      -0.197       0.170
B*27:07         0.0871      0.087      1.006      0.314      -0.083       0.257
C*14:03        -0.0158      0.086     -0.183      0.855      -0.185       0.153
B*57:03        -0.0749      0.094     -0.794      0.427      -0.260       0.110
C*08:03         0.2160      0.317      0.682      0.495      -0.405       0.837
B*14:01        -0.0888      0.142     -0.627      0.531      -0.366       0.189
B*57:02         0.0294      0.207      0.142      0.887      -0.376       0.435
C*18:01        -0.1708      0.203     -0.843      0.399      -0.568       0.226
B*47:01         0.0409      0.097      0.422      0.673      -0.149       0.231
DRB1*04:07      0.1901      0.095      1.991      0.046       0.003       0.377
DRB1*12:02     -0.1177      0.127     -0.928      0.354      -0.366       0.131
A*02:06        -0.0224      0.128     -0.174      0.862      -0.274       0.229
DRB1*08:03      0.0005      0.104      0.005      0.996      -0.204       0.205
B*51:07         0.0947      0.111      0.855      0.393      -0.122       0.312
A*74:01        -0.0662      0.111     -0.596      0.551      -0.284       0.151
DRB1*11:02     -0.0762      0.115     -0.661      0.509      -0.302       0.150
A*34:02        -0.0938      0.117     -0.803      0.422      -0.323       0.135
C*08:01         0.1954      0.264      0.741      0.459      -0.322       0.713
C*02:10         0.2850      0.115      2.488      0.013       0.061       0.509
B*42:01         0.2228      0.121      1.835      0.066      -0.015       0.461
DRB1*14:06      0.2223      0.120      1.858      0.063      -0.012       0.457
B*13:01        -0.0353      0.166     -0.212      0.832      -0.361       0.290
DQB1*04:01     -0.0977      0.130     -0.752      0.452      -0.353       0.157
B*15:16        -0.2724      0.157     -1.734      0.083      -0.580       0.035
B*15:10        -0.1757      0.158     -1.112      0.266      -0.486       0.134
B*39:10         0.0174      0.145      0.119      0.905      -0.268       0.302
A*02:03        -0.3996      0.190     -2.103      0.035      -0.772      -0.027
A*80:01         0.0945      0.141      0.669      0.503      -0.182       0.371
B*37:02         0.2569      0.136      1.884      0.060      -0.010       0.524
C*04:03         0.1516      0.201      0.754      0.451      -0.242       0.545
B*38:02         0.4372      0.178      2.453      0.014       0.088       0.787
B*15:18         0.3221      0.157      2.056      0.040       0.015       0.629
A*74:03        -0.2169      0.190     -1.141      0.254      -0.590       0.156
B*15:24         0.1480      0.177      0.838      0.402      -0.198       0.494
B*27:12        -0.3281      0.206     -1.590      0.112      -0.733       0.076
DRB1*08:02      0.2361      0.175      1.346      0.178      -0.108       0.580
B*15:29         0.2757      0.170      1.623      0.105      -0.057       0.609
B*48:04         0.0032      0.341      0.009      0.992      -0.664       0.671
B*15:02        -0.2933      0.339     -0.866      0.387      -0.957       0.371
-------------------------------------------------------------------------------
tag_level=2       coef    std err          z      P>|z|      [0.025      0.975]
-------------------------------------------------------------------------------
const          -4.4579      0.146    -30.577      0.000      -4.744      -4.172
MIN            -0.4264      0.025    -17.225      0.000      -0.475      -0.378
Age_BMI         0.1221      0.018      6.882      0.000       0.087       0.157
Birth_year     -0.1416      0.150     -0.943      0.346      -0.436       0.153
Year_BMI        0.1846      0.148      1.245      0.213      -0.106       0.475
dapar_3gr       0.1253      0.012     10.569      0.000       0.102       0.149
Educ_GE11YN     0.0389      0.013      3.053      0.002       0.014       0.064
Eshkol_3gr      0.1572      0.012     13.425      0.000       0.134       0.180
Israeli         0.2158      0.040      5.355      0.000       0.137       0.295
DQB1*03:01      0.0361      0.053      0.686      0.493      -0.067       0.139
DQB1*02:01     -0.1720      0.067     -2.568      0.010      -0.303      -0.041
C*04:01        -0.0316      0.060     -0.523      0.601      -0.150       0.087
DRB1*11:04      0.1705      0.064      2.660      0.008       0.045       0.296
DRB1*07:01      0.2838      0.076      3.737      0.000       0.135       0.433
A*01:01         0.0763      0.051      1.504      0.133      -0.023       0.176
C*12:03         0.0203      0.068      0.299      0.765      -0.113       0.154
DQB1*03:02      0.0073      0.072      0.101      0.919      -0.134       0.148
A*02:01         0.0591      0.051      1.154      0.248      -0.041       0.160
C*07:01        -0.0328      0.062     -0.530      0.596      -0.154       0.088
C*06:02         0.1103      0.070      1.576      0.115      -0.027       0.247
DQB1*05:01     -0.0808      0.098     -0.828      0.408      -0.272       0.111
A*24:02         0.0572      0.052      1.103      0.270      -0.044       0.159
B*38:01         0.1608      0.082      1.963      0.050       0.000       0.321
A*26:01        -0.0118      0.057     -0.206      0.836      -0.123       0.100
DRB1*04:02      0.1997      0.085      2.343      0.019       0.033       0.367
DRB1*03:01      0.4237      0.078      5.416      0.000       0.270       0.577
C*08:02         0.5841      0.286      2.043      0.041       0.024       1.144
B*14:02        -0.5122      0.288     -1.778      0.075      -1.077       0.052
DRB1*13:02     -0.1707      0.137     -1.244      0.213      -0.440       0.098
DRB1*01:02      0.2712      0.109      2.492      0.013       0.058       0.484
A*03:02         0.1318      0.056      2.368      0.018       0.023       0.241
B*18:01        -0.1115      0.075     -1.481      0.139      -0.259       0.036
B*35:08        -0.0677      0.077     -0.880      0.379      -0.218       0.083
C*12:02         0.0345      0.110      0.313      0.754      -0.181       0.250
A*11:01         0.1187      0.057      2.087      0.037       0.007       0.230
B*52:01        -0.0398      0.124     -0.323      0.747      -0.282       0.202
B*44:03         0.1683      0.074      2.263      0.024       0.023       0.314
DRB1*11:01      0.3433      0.066      5.214      0.000       0.214       0.472
A*03:01         0.0440      0.058      0.753      0.452      -0.071       0.158
C*17:01         0.0290      0.116      0.249      0.803      -0.199       0.257
B*35:02         0.0826      0.079      1.040      0.298      -0.073       0.238
DQB1*06:03      0.0205      0.088      0.235      0.815      -0.151       0.192
B*13:02         0.0804      0.087      0.927      0.354      -0.090       0.250
C*07:02        -0.0285      0.078     -0.364      0.716      -0.182       0.125
DQB1*06:04      0.1689      0.139      1.215      0.224      -0.103       0.441
DQB1*06:01      0.1152      0.158      0.729      0.466      -0.195       0.425
B*35:01        -0.0062      0.078     -0.079      0.937      -0.160       0.147
DRB1*15:02     -0.1930      0.166     -1.161      0.246      -0.519       0.133
DQB1*05:03      0.1203      0.148      0.815      0.415      -0.169       0.410
B*08:01         0.0323      0.086      0.378      0.706      -0.136       0.200
DRB1*04:03     -0.1201      0.088     -1.358      0.175      -0.293       0.053
A*32:01         0.0646      0.062      1.042      0.297      -0.057       0.186
B*51:01        -0.1614      0.093     -1.741      0.082      -0.343       0.020
DRB1*14:01     -0.1947      0.151     -1.290      0.197      -0.490       0.101
B*41:01         0.0766      0.118      0.648      0.517      -0.155       0.308
DRB1*15:01      0.1168      0.135      0.867      0.386      -0.147       0.381
A*23:01         0.0661      0.064      1.030      0.303      -0.060       0.192
C*02:02        -0.0759      0.090     -0.848      0.396      -0.251       0.100
DRB1*13:01      0.0147      0.105      0.139      0.889      -0.192       0.221
A*30:01         0.1698      0.065      2.611      0.009       0.042       0.297
DQB1*06:02      0.0221      0.136      0.162      0.871      -0.245       0.289
B*49:01         0.1332      0.082      1.619      0.105      -0.028       0.294
DRB1*10:01      0.2915      0.108      2.692      0.007       0.079       0.504
B*50:01         0.0335      0.092      0.365      0.715      -0.146       0.213
A*33:01         0.0339      0.069      0.492      0.623      -0.101       0.169
B*44:02         0.0730      0.093      0.787      0.431      -0.109       0.255
A*29:01         0.2209      0.068      3.246      0.001       0.088       0.354
B*07:02        -0.0722      0.095     -0.759      0.448      -0.259       0.114
A*68:02         0.0073      0.068      0.106      0.915      -0.127       0.141
B*57:01        -0.1077      0.096     -1.126      0.260      -0.295       0.080
A*02:02        -0.0297      0.074     -0.400      0.689      -0.175       0.116
A*02:05        -0.1161      0.075     -1.543      0.123      -0.264       0.031
C*15:02         0.1849      0.093      1.982      0.047       0.002       0.368
DQB1*05:02     -0.0302      0.154     -0.196      0.845      -0.332       0.272
DRB1*13:03      0.1485      0.081      1.837      0.066      -0.010       0.307
C*05:01         0.0725      0.086      0.846      0.397      -0.095       0.240
C*15:05         0.2538      0.179      1.415      0.157      -0.098       0.605
A*30:02         0.0721      0.076      0.946      0.344      -0.077       0.221
B*15:17         0.1031      0.094      1.101      0.271      -0.080       0.287
B*55:01        -0.0067      0.115     -0.058      0.954      -0.232       0.219
B*58:01         0.2714      0.099      2.750      0.006       0.078       0.465
C*01:02         0.1125      0.105      1.074      0.283      -0.093       0.318
DQB1*04:02      0.2061      0.125      1.644      0.100      -0.040       0.452
DRB1*12:01      0.0908      0.083      1.093      0.274      -0.072       0.254
C*16:04        -0.0147      0.088     -0.167      0.867      -0.187       0.158
DRB1*16:01      0.2441      0.161      1.513      0.130      -0.072       0.560
B*07:05        -0.2172      0.183     -1.188      0.235      -0.576       0.141
DRB1*13:05      0.0948      0.090      1.051      0.293      -0.082       0.272
B*41:02         0.0202      0.137      0.148      0.882      -0.248       0.288
A*68:01        -0.0251      0.080     -0.314      0.753      -0.182       0.131
B*53:01        -0.1793      0.097     -1.846      0.065      -0.370       0.011
C*03:04        -0.1639      0.123     -1.329      0.184      -0.406       0.078
DQB1*02:02     -0.3512      0.096     -3.665      0.000      -0.539      -0.163
DQB1*06:09      0.1910      0.146      1.307      0.191      -0.095       0.477
DRB1*04:04      0.1364      0.110      1.242      0.214      -0.079       0.352
DRB1*04:05      0.1253      0.100      1.251      0.211      -0.071       0.322
A*25:01         0.3227      0.081      3.973      0.000       0.164       0.482
C*03:03        -0.0165      0.105     -0.156      0.876      -0.223       0.190
DRB1*01:01      0.2346      0.122      1.928      0.054      -0.004       0.473
A*66:01         0.0707      0.087      0.810      0.418      -0.100       0.242
A*69:01         0.0708      0.096      0.739      0.460      -0.117       0.259
DQB1*03:03      0.0340      0.100      0.341      0.733      -0.162       0.230
B*40:01         0.0224      0.137      0.164      0.870      -0.246       0.290
DQB1*03:05      0.0491      0.103      0.476      0.634      -0.153       0.251
B*35:03         0.1649      0.098      1.689      0.091      -0.026       0.356
C*16:01        -0.0285      0.101     -0.282      0.778      -0.226       0.169
C*16:02        -0.0015      0.142     -0.011      0.991      -0.279       0.276
C*14:02         0.0476      0.124      0.382      0.702      -0.196       0.292
A*29:02         0.1742      0.094      1.862      0.063      -0.009       0.358
A*31:01         0.1879      0.091      2.057      0.040       0.009       0.367
B*15:01         0.1536      0.110      1.392      0.164      -0.063       0.370
B*51:08        -0.2197      0.156     -1.406      0.160      -0.526       0.087
C*03:02        -0.1329      0.123     -1.077      0.281      -0.375       0.109
B*27:02         0.3214      0.122      2.635      0.008       0.082       0.560
DRB1*04:01      0.1479      0.109      1.363      0.173      -0.065       0.361
A*24:03         0.1548      0.099      1.558      0.119      -0.040       0.350
B*37:01        -0.1720      0.121     -1.422      0.155      -0.409       0.065
C*07:04        -0.0263      0.124     -0.212      0.832      -0.269       0.216
DRB1*08:01     -0.1507      0.169     -0.892      0.372      -0.482       0.180
A*02:17         0.3139      0.105      2.996      0.003       0.109       0.519
A*01:03         0.0282      0.125      0.225      0.822      -0.217       0.274
B*15:03        -0.2603      0.152     -1.715      0.086      -0.558       0.037
B*27:05         0.1719      0.136      1.263      0.207      -0.095       0.439
B*40:02         0.0547      0.136      0.402      0.688      -0.212       0.322
A*33:03         0.1498      0.120      1.250      0.211      -0.085       0.385
A*31:08         0.0313      0.129      0.242      0.809      -0.222       0.285
A*30:04        -0.0097      0.143     -0.067      0.946      -0.291       0.271
DRB1*14:04     -0.2270      0.188     -1.205      0.228      -0.596       0.142
B*39:01         0.1946      0.130      1.500      0.134      -0.060       0.449
DRB1*04:06     -0.1359      0.212     -0.641      0.522      -0.552       0.280
DRB1*08:04     -0.4670      0.187     -2.491      0.013      -0.834      -0.100
DQB1*03:04      0.3268      0.162      2.011      0.044       0.008       0.645
DRB1*11:03      0.1795      0.144      1.244      0.213      -0.103       0.462
A*24:07        -0.0585      0.152     -0.385      0.700      -0.356       0.239
DRB1*09:01      0.0612      0.171      0.357      0.721      -0.274       0.397
A*24:17         0.0767      0.151      0.507      0.612      -0.220       0.373
B*50:02        -0.4133      0.227     -1.825      0.068      -0.857       0.031
B*45:01        -0.1087      0.169     -0.644      0.519      -0.439       0.222
B*56:01        -0.2064      0.187     -1.106      0.269      -0.572       0.159
C*15:04         0.2199      0.160      1.370      0.171      -0.095       0.534
DRB1*15:03     -0.1800      0.262     -0.686      0.493      -0.694       0.334
B*51:06         0.0522      0.173      0.301      0.763      -0.288       0.392
B*44:05        -0.0142      0.184     -0.077      0.938      -0.376       0.347
A*24:04         0.0461      0.168      0.274      0.784      -0.284       0.376
DRB1*16:02     -0.1211      0.238     -0.509      0.610      -0.587       0.345
DRB1*01:03      0.0559      0.181      0.309      0.757      -0.298       0.410
C*04:07        -0.1694      0.208     -0.816      0.414      -0.576       0.237
B*73:01        -0.7390      0.284     -2.601      0.009      -1.296      -0.182
B*39:06        -0.1569      0.216     -0.727      0.467      -0.580       0.266
B*48:01        -0.4752      0.577     -0.823      0.410      -1.607       0.656
DRB1*04:08     -0.0965      0.219     -0.441      0.659      -0.526       0.333
B*40:06        -0.0364      0.206     -0.177      0.859      -0.440       0.367
B*27:07         0.1682      0.176      0.955      0.340      -0.177       0.513
C*14:03         0.0302      0.192      0.157      0.875      -0.346       0.406
B*57:03        -0.0663      0.208     -0.320      0.749      -0.473       0.341
C*08:03         0.6063      0.613      0.989      0.323      -0.596       1.808
B*14:01        -0.6184      0.341     -1.814      0.070      -1.286       0.050
B*57:02        -0.0700      0.499     -0.140      0.889      -1.049       0.909
C*18:01        -0.0003      0.486     -0.001      1.000      -0.953       0.952
B*47:01        -0.0957      0.224     -0.428      0.669      -0.534       0.343
DRB1*04:07      0.3650      0.199      1.832      0.067      -0.025       0.755
DRB1*12:02      0.3488      0.245      1.425      0.154      -0.131       0.828
A*02:06         0.0376      0.261      0.144      0.886      -0.474       0.549
DRB1*08:03     -0.4124      0.276     -1.493      0.135      -0.954       0.129
B*51:07         0.1025      0.246      0.416      0.677      -0.380       0.585
A*74:01         0.0050      0.264      0.019      0.985      -0.512       0.522
DRB1*11:02      0.1619      0.245      0.661      0.509      -0.319       0.642
A*34:02        -0.4332      0.339     -1.279      0.201      -1.097       0.231
C*08:01         0.6596      0.491      1.345      0.179      -0.302       1.621
C*02:10         0.5214      0.245      2.131      0.033       0.042       1.001
B*42:01         0.2655      0.288      0.920      0.357      -0.300       0.831
DRB1*14:06     -0.1712      0.342     -0.501      0.617      -0.841       0.499
B*13:01        -0.0084      0.368     -0.023      0.982      -0.730       0.713
DQB1*04:01     -0.2612      0.345     -0.757      0.449      -0.937       0.415
B*15:16         0.0985      0.282      0.350      0.727      -0.454       0.651
B*15:10         0.0477      0.337      0.142      0.887      -0.613       0.708
B*39:10        -0.7864      0.508     -1.549      0.121      -1.781       0.209
A*02:03        -0.1477      0.431     -0.342      0.732      -0.993       0.698
A*80:01        -0.4019      0.414     -0.971      0.331      -1.213       0.409
B*37:02         0.0408      0.333      0.123      0.902      -0.612       0.694
C*04:03         0.4208      0.411      1.024      0.306      -0.385       1.227
B*38:02         0.1197      0.471      0.254      0.799      -0.804       1.043
B*15:18         0.5181      0.309      1.675      0.094      -0.088       1.125
A*74:03         0.2818      0.387      0.729      0.466      -0.476       1.040
B*15:24        -0.0531      0.399     -0.133      0.894      -0.836       0.729
B*27:12        -0.1240      0.424     -0.292      0.770      -0.956       0.708
DRB1*08:02      0.2703      0.348      0.777      0.437      -0.412       0.952
B*15:29        -0.2680      0.437     -0.614      0.539      -1.124       0.588
B*48:04        -1.5312      0.784     -1.954      0.051      -3.067       0.004
B*15:02        -0.8710      0.679     -1.282      0.200      -2.202       0.460
===============================================================================