                          MNLogit Regression Results                          
==============================================================================
Dep. Variable:              tag_level   No. Observations:               623723
Model:                        MNLogit   Df Residuals:                   623695
Method:                           MLE   Df Model:                           26
Date:                Wed, 05 Jan 2022   Pseudo R-squ.:                 0.01367
Time:                        18:57:20   Log-Likelihood:            -1.8217e+05
converged:                       True   LL-Null:                   -1.8470e+05
                                        LLR p-value:                     0.000
===============================================================================
tag_level=1       coef    std err          z      P>|z|      [0.025      0.975]
-------------------------------------------------------------------------------
const          -2.6054      0.024   -109.252      0.000      -2.652      -2.559
MIN            -0.3675      0.011    -32.850      0.000      -0.389      -0.346
Age_BMI         0.1788      0.008     22.578      0.000       0.163       0.194
Birth_year     -0.2754      0.068     -4.033      0.000      -0.409      -0.142
Year_BMI        0.1563      0.067      2.317      0.021       0.024       0.288
dapar_3gr       0.0359      0.005      6.709      0.000       0.025       0.046
Educ_GE11YN     0.0196      0.005      3.755      0.000       0.009       0.030
Eshkol_3gr      0.1108      0.005     20.836      0.000       0.100       0.121
Israeli         0.4332      0.018     23.466      0.000       0.397       0.469
A              -0.0199      0.019     -1.034      0.301      -0.058       0.018
B              -0.0092      0.028     -0.326      0.744      -0.065       0.046
C              -0.0458      0.021     -2.211      0.027      -0.086      -0.005
DRB1           -0.1120      0.024     -4.677      0.000      -0.159      -0.065
DQB1            0.0551      0.018      3.142      0.002       0.021       0.089
-------------------------------------------------------------------------------
tag_level=2       coef    std err          z      P>|z|      [0.025      0.975]
-------------------------------------------------------------------------------
const          -3.9514      0.051    -77.491      0.000      -4.051      -3.851
MIN            -0.4223      0.025    -17.077      0.000      -0.471      -0.374
Age_BMI         0.1171      0.018      6.605      0.000       0.082       0.152
Birth_year     -0.1301      0.150     -0.867      0.386      -0.424       0.164
Year_BMI        0.1759      0.148      1.187      0.235      -0.115       0.466
dapar_3gr       0.1400      0.012     12.010      0.000       0.117       0.163
Educ_GE11YN     0.0395      0.013      3.102      0.002       0.015       0.064
Eshkol_3gr      0.1658      0.012     14.242      0.000       0.143       0.189
Israeli         0.2059      0.039      5.259      0.000       0.129       0.283
A              -0.0811      0.044     -1.862      0.063      -0.166       0.004
B               0.0216      0.062      0.346      0.729      -0.101       0.144
C              -0.0624      0.046     -1.363      0.173      -0.152       0.027
DRB1           -0.1968      0.053     -3.691      0.000      -0.301      -0.092
DQB1            0.1034      0.038      2.736      0.006       0.029       0.177
===============================================================================